9.288046856329310685e+01
9.782994798186700791e+01
1.079085936605697498e+02
1.205888018868863583e+02
1.322453125831671059e+02
1.413041668200865502e+02
1.480651042571291214e+02
1.533554685764014778e+02
1.580583333916962090e+02
1.624809896133839970e+02
1.662710937120020276e+02
1.693888019800186271e+02
1.715851565271615868e+02
1.734216145649552345e+02
1.748565104290842953e+02
1.760007813498377800e+02
1.768304688036441803e+02
1.772252604678273258e+02
1.774226561948657093e+02
1.773494793459773007e+02
1.768458336099982375e+02
1.761361981049180088e+02
1.748815103843808174e+02
1.733656252220272904e+02
1.712213542535901070e+02
1.685124999448657093e+02
1.655028646394610519e+02
1.619625000089407081e+02
1.574450520120561237e+02
1.525046874240040893e+02
1.468893228612840289e+02
1.393822916762903219e+02
1.289229165758937654e+02
1.167408853258937569e+02
1.053088541599689023e+02
9.833151051071472182e+01
9.605182291581294862e+01
9.546744797630235269e+01
1.021604166622040850e+02
1.139744790915399761e+02
1.265252604929730325e+02
1.372539060354232845e+02
1.452382811229676065e+02
1.510265624649822769e+02
1.559286458350717908e+02
1.606138021230697746e+02
1.652427084758877811e+02
1.689651041865348873e+02
1.721565104261040631e+02
1.743661459341645354e+02
1.761888022705912533e+02
1.777244792908430213e+02
1.788791666254401207e+02
1.795736979812383538e+02
1.798554686382412910e+02
1.799085935816168842e+02
1.797174481764435825e+02
1.791656248107552472e+02
1.782783853545784893e+02
1.766671873688697758e+02
1.748674479588866291e+02
1.725015622720122224e+02
1.695140624657273349e+02
1.663434896841645241e+02
1.629200519502163047e+02
1.587039062365889492e+02
1.540338541530072689e+02
1.487158856488764229e+02
1.425132812961936111e+02
1.331088541764765978e+02
1.209651041567325649e+02
1.085760416808538196e+02
9.949296881752088950e+01
9.598697918129619211e+01
9.928125000025610802e+01
1.071960935896961047e+02
1.192768230184912710e+02
1.310679686002433186e+02
1.408742186591029224e+02
1.476046874638646784e+02
1.524856771588325444e+02
1.571341147243976479e+02
1.618348958477377835e+02
1.662877602800726891e+02
1.699111978545784893e+02
1.730492188885808105e+02
1.753546875581145343e+02
1.772429688245057946e+02
1.787872396901249772e+02
1.799374999821185952e+02
1.805231773585081214e+02
1.807072917878627720e+02
1.807565102189779225e+02
1.805940104454755897e+02
1.800893227607011795e+02
1.790544273346662578e+02
1.772479167759418601e+02
1.751627603843808174e+02
1.726164061233401412e+02
1.694838541835546550e+02
1.660484376914799327e+02
1.626848957560956421e+02
1.588231770917773247e+02
1.545434895336628074e+02
1.494963543221354598e+02
1.440328125417232457e+02
1.362606770794838553e+02
1.251317709073424282e+02
1.125830729015171556e+02
1.015880207369104085e+02
9.618124992572703036e+01
1.026486978399567249e+02
1.112145833606366097e+02
1.230666666735894950e+02
1.341526042096316758e+02
1.428632811553776207e+02
1.484684894584119377e+02
1.528195313081145343e+02
1.574203125596046391e+02
1.617080729752779007e+02
1.657346352651715335e+02
1.694177083477378005e+02
1.725828123793006057e+02
1.750796874612569809e+02
1.769848959341645127e+02
1.785158853501081353e+02
1.795453123241663036e+02
1.801541666239500046e+02
1.803278646856546459e+02
1.802476563662290516e+02
1.799486978709697667e+02
1.793851562380790767e+02
1.783479166239499989e+02
1.767286458939314002e+02
1.746432291060686168e+02
1.720278644844889584e+02
1.689497395992279110e+02
1.654062500581145230e+02
1.619322916433215198e+02
1.581661457732319889e+02
1.541252604469656831e+02
1.493078124418854600e+02
1.442447916492819786e+02
1.376403644338250274e+02
1.278937499346211553e+02
1.160911458310671094e+02
1.040330728248693077e+02
9.656666655284352885e+01
1.053127604878507526e+02
1.141684895623475313e+02
1.255499999077524933e+02
1.356882811643183118e+02
1.431364581577479953e+02
1.483372393660247326e+02
1.526286457657814140e+02
1.567888020932674351e+02
1.607169270694255943e+02
1.647692707702517509e+02
1.685013020962476844e+02
1.715968747347593251e+02
1.738875001549720878e+02
1.756567707419395390e+02
1.771192709654569626e+02
1.781736978322267646e+02
1.788148438364267463e+02
1.789757815092802105e+02
1.787914062201976719e+02
1.783692707806825695e+02
1.777447918564081135e+02
1.768260414838790950e+02
1.752234373837709427e+02
1.732291665732860508e+02
1.707768228828907127e+02
1.679007811814546471e+02
1.645145832985639629e+02
1.610130208939313832e+02
1.572140625655651149e+02
1.534156250521540699e+02
1.489046875342726821e+02
1.440085938394069558e+02
1.380570311859250126e+02
1.295210936751216764e+02
1.189544271312654047e+02
1.067078125451691477e+02
9.788697925824672552e+01
1.075473957254085633e+02
1.159796875252155530e+02
1.269260416889097485e+02
1.359007813643664235e+02
1.424208332903683072e+02
1.474648438245058060e+02
1.519973959013819638e+02
1.560804686740040665e+02
1.597575520351529121e+02
1.634559895381331387e+02
1.668820312798023338e+02
1.699713539808988685e+02
1.723210938304662818e+02
1.739703126609325352e+02
1.754062500506639424e+02
1.766565104931592884e+02
1.774213540494442043e+02
1.777083333849906808e+02
1.775567708492279166e+02
1.771317708492279053e+02
1.764984373867511636e+02
1.756804686963558311e+02
1.741166663974523487e+02
1.721901039898395425e+02
1.696338542848825455e+02
1.667604166790843010e+02
1.635156249448656922e+02
1.601885416597127971e+02
1.566453124687075729e+02
1.530328124664723930e+02
1.487591145217418784e+02
1.438330728694796505e+02
1.382690104439854508e+02
1.305963542982935905e+02
1.207971354380249949e+02
1.091570312354713650e+02
9.957421870860271440e+01
1.083484375181607930e+02
1.167809894857928157e+02
1.274567707153037190e+02
1.357320312112569809e+02
1.415315101414918786e+02
1.463085936382412910e+02
1.511572916671633777e+02
1.552924478381872291e+02
1.590140625268221015e+02
1.625127604484558219e+02
1.658583332657813969e+02
1.690296873837709484e+02
1.715812500894069785e+02
1.733778646469116325e+02
1.746906251013278961e+02
1.758260417878627777e+02
1.765874999046325797e+02
1.771111979007720834e+02
1.771505208194255943e+02
1.768544269859790745e+02
1.763177083969116268e+02
1.755955729722976741e+02
1.741276040911674556e+02
1.722729166448116302e+02
1.698234374403953666e+02
1.669317707329988423e+02
1.636049479261040744e+02
1.601851564168929940e+02
1.566385417282581329e+02
1.530296875007450694e+02
1.487445314332842941e+02
1.441213541828095970e+02
1.388523437350988274e+02
1.315557291530072632e+02
1.220231770936399727e+02
1.108557291392236976e+02
1.009666666617617068e+02
1.084898436464369240e+02
1.170992186670191586e+02
1.273309895655140309e+02
1.353333332747220936e+02
1.410604166857898178e+02
1.460789061054587421e+02
1.509554689288139286e+02
1.550567709982395286e+02
1.589927082628011590e+02
1.626546874254941883e+02
1.660625000894069672e+02
1.693708331137895584e+02
1.720234373271465245e+02
1.739677082180976981e+02
1.751546875476837215e+02
1.762338543772697506e+02
1.769460939049720878e+02
1.773072917699813900e+02
1.772830729007720834e+02
1.769333334982395058e+02
1.764216144770383892e+02
1.757046873271465302e+02
1.744002604931592941e+02
1.727664061635732651e+02
1.705736978054046631e+02
1.677617189466953391e+02
1.644640623718500194e+02
1.610179687887430191e+02
1.573765624284744149e+02
1.535268229626119023e+02
1.491322917990386543e+02
1.447575520776212272e+02
1.396997395366430226e+02
1.326565104670822564e+02
1.231109374850988445e+02
1.118304687703028293e+02
1.018348958780989051e+02
1.080406248786486714e+02
1.167466147004626720e+02
1.268815104993060174e+02
1.348731770090758744e+02
1.407921873778104782e+02
1.459710938528180009e+02
1.506828124761581478e+02
1.551106769174337501e+02
1.596148437201976833e+02
1.635705729454755897e+02
1.669067708015441838e+02
1.700463539808988571e+02
1.725640624523162785e+02
1.745749998152255955e+02
1.757539064049720707e+02
1.766479167640209198e+02
1.771526040017604942e+02
1.772348957955837250e+02
1.770627602040767670e+02
1.766177083134651298e+02
1.762080726385116520e+02
1.755546874135732764e+02
1.743333331227302665e+02
1.728632812023162728e+02
1.708406248807906991e+02
1.683075520783662853e+02
1.650770832270383721e+02
1.620335935503244400e+02
1.585638022541999703e+02
1.545502604283392429e+02
1.500924477994441872e+02
1.455546875372529030e+02
1.402585938520729485e+02
1.332278645388782081e+02
1.237026041485369205e+02
1.120445313006639481e+02
1.018682291698642075e+02
1.070143230043351679e+02
1.157541667969897361e+02
1.262117187008261681e+02
1.345088542439043522e+02
1.405138021185994148e+02
1.456885414659977016e+02
1.505833332061767464e+02
1.553445311814546699e+02
1.598101561963558197e+02
1.637052084058523178e+02
1.669729168444872016e+02
1.698580730140209312e+02
1.722901045083999634e+02
1.741786456942558345e+02
1.753510416686534938e+02
1.761236977577209473e+02
1.763479164540767670e+02
1.763000001072883549e+02
1.760776041865348702e+02
1.755513021826744193e+02
1.750260416746139640e+02
1.741619790345430374e+02
1.728546873718500194e+02
1.715835936546325797e+02
1.700182291537523156e+02
1.678695312827825603e+02
1.650763021111488342e+02
1.622966145038604679e+02
1.587614583671092987e+02
1.547916666790843010e+02
1.505559895649552402e+02
1.460528645068407059e+02
1.408151041135191974e+02
1.336236977763473988e+02
1.238815103624015990e+02
1.114361979668960032e+02
1.009598959425464244e+02
1.055580728593282345e+02
1.145028647367842467e+02
1.255666664583608565e+02
1.339989581827074403e+02
1.399263022854924259e+02
1.450994791567325706e+02
1.498229167252779064e+02
1.540408854186534882e+02
1.581627603530883732e+02
1.615804687559604531e+02
1.645830727159977016e+02
1.673520834863185769e+02
1.694372395545244103e+02
1.712187500298023224e+02
1.725906249672174511e+02
1.733033853918313980e+02
1.734268231391906738e+02
1.736223958551883584e+02
1.733320312052965164e+02
1.725111982017755565e+02
1.716981771230697689e+02
1.706343750357627869e+02
1.690877604246139470e+02
1.677252603739499932e+02
1.660671874493360463e+02
1.638945313066244012e+02
1.615833333015442008e+02
1.591947916895151138e+02
1.558838540852069912e+02
1.524091147109866142e+02
1.490984375298023110e+02
1.454981771767139378e+02
1.406979167208075410e+02
1.335492188975214845e+02
1.236864584885537681e+02
1.105591144219972222e+02
9.961692721238360093e+01
1.039604166098870337e+02
1.136940103921107976e+02
1.249843750545755086e+02
1.333304688729345742e+02
1.389903646320104542e+02
1.433833334326744193e+02
1.467320311397314185e+02
1.497145833820104599e+02
1.526346354842185917e+02
1.551739583879709130e+02
1.576544268965721187e+02
1.602559896528720742e+02
1.623986979603767509e+02
1.643078122496604863e+02
1.662723959475755748e+02
1.674968748480081615e+02
1.679567707180976868e+02
1.682197917163371983e+02
1.676632811158895606e+02
1.663664060920476970e+02
1.650411459088325614e+02
1.633416667222976741e+02
1.611515623956918830e+02
1.592416667580604610e+02
1.570877604693174305e+02
1.547927085414528960e+02
1.525442707791924590e+02
1.504635417729616051e+02
1.483539062827825603e+02
1.463447915941476936e+02
1.444294269651174432e+02
1.422882812052965278e+02
1.388216145932674408e+02
1.329135417938232422e+02
1.236124999724328575e+02
1.101526041941717295e+02
9.844010418662801953e+01
1.026588542664423613e+02
1.132872395646758434e+02
1.244888021491467924e+02
1.323359375044703370e+02
1.368768228441476822e+02
1.393815107136964855e+02
1.405835937827825433e+02
1.415796874284744149e+02
1.424322916686534768e+02
1.434859375566244069e+02
1.450273437887430248e+02
1.473515625655651036e+02
1.498250000059604758e+02
1.522208334296941814e+02
1.548023437380790597e+02
1.569617187470197734e+02
1.581841144204139766e+02
1.586348957151174659e+02
1.580692711263895092e+02
1.563986978560686225e+02
1.541588540822267532e+02
1.513427083417773247e+02
1.482085936605930385e+02
1.454421875223517304e+02
1.426515624672174454e+02
1.403382811531424466e+02
1.384656249567866269e+02
1.372888019487261886e+02
1.366960936516523475e+02
1.364820312827825433e+02
1.366770832702517566e+02
1.365432290568947735e+02
1.352549477845430488e+02
1.315434897109866199e+02
1.238499999992549476e+02
1.110351562339812546e+02
9.842578116971999691e+01
1.023231771185062797e+02
1.137580729835666773e+02
1.242158854924142304e+02
1.304473958328366336e+02
1.329135415375232583e+02
1.330601562753319627e+02
1.326830728948116302e+02
1.318791668206453380e+02
1.308138019472360725e+02
1.303223958075046482e+02
1.303786458641290551e+02
1.315661457553505898e+02
1.337002602383494434e+02
1.365117188364267236e+02
1.396812499865889663e+02
1.426463542014360542e+02
1.448361980319023132e+02
1.459731770664453450e+02
1.457294270783662853e+02
1.439242185667157230e+02
1.409557292848825512e+02
1.369908850833773499e+02
1.326872396573424453e+02
1.289851563602686042e+02
1.261390625223517361e+02
1.245135415107011738e+02
1.240059896230697660e+02
1.243291667222976713e+02
1.250403645128011760e+02
1.262479166254401264e+02
1.281638020530343169e+02
1.299489581927657014e+02
1.308731768235564346e+02
1.298770834162831420e+02
1.247906250521540699e+02
1.132981770712882224e+02
1.000239583479240508e+02
1.022492187081603277e+02
1.142888021064922270e+02
1.235447916574776173e+02
1.278223957061767635e+02
1.283833330944180489e+02
1.270664062827825518e+02
1.254916666731238308e+02
1.232656251177191677e+02
1.211210937112569752e+02
1.191716146841645241e+02
1.175026041716337204e+02
1.171309897251427117e+02
1.181265624240040779e+02
1.204390625536441775e+02
1.238401042312383709e+02
1.274773438826203318e+02
1.304182291492819843e+02
1.324671875759959221e+02
1.327895834490656739e+02
1.310666666254401207e+02
1.275802083969116154e+02
1.228304686367511778e+02
1.177559894368052511e+02
1.138526041761040659e+02
1.116705729506909819e+02
1.115278646826744051e+02
1.124424478895962238e+02
1.140580728858709278e+02
1.164208332672715187e+02
1.190575519487261715e+02
1.218687501102685928e+02
1.244841145113110485e+02
1.268739584922790584e+02
1.283572916716337318e+02
1.257338542394340095e+02
1.162302083507180157e+02
1.028026041550561729e+02
1.026132812636671616e+02
1.146580728666391167e+02
1.233494789946824284e+02
1.259908854626119137e+02
1.250393228501081495e+02
1.226231770053505841e+02
1.197197916485369262e+02
1.161718750447034836e+02
1.130572916969656916e+02
1.100841145001351862e+02
1.071294271215796527e+02
1.054864583104848919e+02
1.055671875804662676e+02
1.074210938453674373e+02
1.110528646722436008e+02
1.154898437350988445e+02
1.193947917520999908e+02
1.222945312485098839e+02
1.233419270753860530e+02
1.216486978776752892e+02
1.174351562447845936e+02
1.119101562455296488e+02
1.064411457933485536e+02
1.024700520522892475e+02
1.006093749865889606e+02
1.005557292602956352e+02
1.018664062626659899e+02
1.044015624620020333e+02
1.082322915986180334e+02
1.127179687112569866e+02
1.170541665881872149e+02
1.206523436918854770e+02
1.241416665703058300e+02
1.272317708075046596e+02
1.267166665904223919e+02
1.195611979722976628e+02
1.064192707737907710e+02
1.039986978982575181e+02
1.155252604138106136e+02
1.235158854704350233e+02
1.251778646185994148e+02
1.229893229395151195e+02
1.190708335101604405e+02
1.142052083931863251e+02
1.090841146394610348e+02
1.043713541418314037e+02
9.978229169026016621e+01
9.606380212754011438e+01
9.425156247690320299e+01
9.525494786277413084e+01
9.792239585444330885e+01
1.021085936352610588e+02
1.079375000685453472e+02
1.136554687283933163e+02
1.180690103434026241e+02
1.202239583387970896e+02
1.182627604510635138e+02
1.131661458607763109e+02
1.068200520619750051e+02
1.010114583216607542e+02
9.659427086263895035e+01
9.382109369561075596e+01
9.196197920665144920e+01
9.183515607640147493e+01
9.400859387814998058e+01
9.839036455452442453e+01
1.045427083723247108e+02
1.110109374076128006e+02
1.176533853501081524e+02
1.229921875119209318e+02
1.274091144934296551e+02
1.285054687857627869e+02
1.225591146044433088e+02
1.102046874366700706e+02
1.061729165050666808e+02
1.177601563060656247e+02
1.250408855412155447e+02
1.261729167044162807e+02
1.230015624240040779e+02
1.175216145481914225e+02
1.106591145250946226e+02
1.043411458499729605e+02
9.861276038661598875e+01
9.368489599153399183e+01
9.091015625074506090e+01
9.083229176029563234e+01
9.367317705824970631e+01
9.834322914928198145e+01
1.036742187738418579e+02
1.099218749716877994e+02
1.162377603739500103e+02
1.212768229328095941e+02
1.239317708142101822e+02
1.222083333246409893e+02
1.172765625678002834e+02
1.118036459743976536e+02
1.068096352264285116e+02
1.030161459095776024e+02
9.986744787245989130e+01
9.754661463052033810e+01
9.643151038289070698e+01
9.669635421782732010e+01
9.908515618145466419e+01
1.035744791671633749e+02
1.104179688401520281e+02
1.183799479342997074e+02
1.249458333656191797e+02
1.299218749359250182e+02
1.310757813498377686e+02
1.253817708663642350e+02
1.142614582749083638e+02
1.082531250870786579e+02
1.199916667766869125e+02
1.275299480687826872e+02
1.291669271171093101e+02
1.258877604320645389e+02
1.197098957486450672e+02
1.136411459542810860e+02
1.099809895448386641e+02
1.069614581644535036e+02
1.047463541522622137e+02
1.039895834676921424e+02
1.047942709378898201e+02
1.073148437343537864e+02
1.115106771871447506e+02
1.165010417342186031e+02
1.215208332732319860e+02
1.263322916418314037e+02
1.303541664384305534e+02
1.323401041582226867e+02
1.310552082374692020e+02
1.275013020366430254e+02
1.240440105870366096e+02
1.210093750312924357e+02
1.184020833984017429e+02
1.164979166403412876e+02
1.159593749389052419e+02
1.163161459922790471e+02
1.166947916939854650e+02
1.175531251117587033e+02
1.188028645694255800e+02
1.218861977145075741e+02
1.268104166910052299e+02
1.318192708626389447e+02
1.351919270910322552e+02
1.347182290889322758e+02
1.283033853985369319e+02
1.175203125581145258e+02
1.101083332187030521e+02
1.215515626333653927e+02
1.302760416988283509e+02
1.336513021647930088e+02
1.319619789883494434e+02
1.283919270694255772e+02
1.262354167513549328e+02
1.260281249500811072e+02
1.262023438543081255e+02
1.261388021305203466e+02
1.259575522229075375e+02
1.257888020738959369e+02
1.263036458276212244e+02
1.281721353732049522e+02
1.309794272541999760e+02
1.337768229857087192e+02
1.362653646782040653e+02
1.389106772586703187e+02
1.403096353769302311e+02
1.395669271245598679e+02
1.371554688423871937e+02
1.349020833179354781e+02
1.330950521156191826e+02
1.319953123822808152e+02
1.316622395932674294e+02
1.324760417059063968e+02
1.339864583760499954e+02
1.356088542357087192e+02
1.365484373927116337e+02
1.373039062261581478e+02
1.383179687768220845e+02
1.399229166805744171e+02
1.418950519934296608e+02
1.425291667699813729e+02
1.392520831495523339e+02
1.308880207180976925e+02
1.197578124541789322e+02
1.114927082837326395e+02
1.228690104526467621e+02
1.332942707873880863e+02
1.393861977681517601e+02
1.408682291045784893e+02
1.405338540151715279e+02
1.402770832717418727e+02
1.403848958238959312e+02
1.405507811948656922e+02
1.403734375536441803e+02
1.397531252056360245e+02
1.389414061740040722e+02
1.392135417431592828e+02
1.401281249240040836e+02
1.417013019889593011e+02
1.431315103828906956e+02
1.441947917521000022e+02
1.461533854365348759e+02
1.471091146618127823e+02
1.467250000864267463e+02
1.453283854603767509e+02
1.439111977651715222e+02
1.425838542252778893e+02
1.419091145962476617e+02
1.417236978858709335e+02
1.424028644800186214e+02
1.436927084445953255e+02
1.455179687649011555e+02
1.468966146737337226e+02
1.481924476355314368e+02
1.495473958879709357e+02
1.506216146111488285e+02
1.507057290524244308e+02
1.485289062492549306e+02
1.426526040237396842e+02
1.323093748584389573e+02
1.211070310438051791e+02
1.120471353487344430e+02
1.235304685748647842e+02
1.354736980207264310e+02
1.442046874247491246e+02
1.485752604186534995e+02
1.498802081093191987e+02
1.496278645783662853e+02
1.491270833909511566e+02
1.486289060860872269e+02
1.480973959654569683e+02
1.477666667520999795e+02
1.476867187142372018e+02
1.481408852875232753e+02
1.486549480050802288e+02
1.491760414481163082e+02
1.496802082210779190e+02
1.503947914987802505e+02
1.518559893727302494e+02
1.527252603143453484e+02
1.523502603650093192e+02
1.517859374254941827e+02
1.512458333671092987e+02
1.505848957970738411e+02
1.500955730587243977e+02
1.498765623927116337e+02
1.502247396141290778e+02
1.507044271945953255e+02
1.516177084922790641e+02
1.528554686009883881e+02
1.541906248122453746e+02
1.556617186576127949e+02
1.566028645813465232e+02
1.556945312857627925e+02
1.517083334177732468e+02
1.440731771349906865e+02
1.326190104480832872e+02
1.212703123837709427e+02
1.115966146305901958e+02
1.225825520035810712e+02
1.354690103673376029e+02
1.459846353508532104e+02
1.524624999403953609e+02
1.553054688453674430e+02
1.560171873569488525e+02
1.559455730736255532e+02
1.558377603173256034e+02
1.557552083283662796e+02
1.558645833283662796e+02
1.556945310831069946e+02
1.556247397541999931e+02
1.551979164004325753e+02
1.546450521111488285e+02
1.543895833522081489e+02
1.547395832389593124e+02
1.558914062768220958e+02
1.566820312201976719e+02
1.564979166746139470e+02
1.561986980348825398e+02
1.563361978411674613e+02
1.564445311009883994e+02
1.566658853903412876e+02
1.566763021141290722e+02
1.570093749582767373e+02
1.576026042848825455e+02
1.583528646200895196e+02
1.591583333253860530e+02
1.595273439615965003e+02
1.597117188036441746e+02
1.594315104097127858e+02
1.572083333760500068e+02
1.517796873092651424e+02
1.427627604424953347e+02
1.308171875901520309e+02
1.202117187358439026e+02
1.104395834180526492e+02
1.202322917123790802e+02
1.327984375175088587e+02
1.443244791354983931e+02
1.525171876192092952e+02
1.573117188170552367e+02
1.599085938692092839e+02
1.610533853381872120e+02
1.617677082419395447e+02
1.618906250178814048e+02
1.616710939899086839e+02
1.609518228232860508e+02
1.601026041790842953e+02
1.587960937812924271e+02
1.575179688632488251e+02
1.568153644770383721e+02
1.568854167044162864e+02
1.575903645873069649e+02
1.582588541269302311e+02
1.583635415315628165e+02
1.581979165941476708e+02
1.585138020247221107e+02
1.590309895291924533e+02
1.599132811874151230e+02
1.609177086040377560e+02
1.618036460459232444e+02
1.629736978948116359e+02
1.639205728322267532e+02
1.640229166306555157e+02
1.632966145291924533e+02
1.618052085280418453e+02
1.593807290852069798e+02
1.552924480825662670e+02
1.488486977905035076e+02
1.396221352607011852e+02
1.279653646286576958e+02
1.184151041142642526e+02
1.087622395196929546e+02
1.170268227847293048e+02
1.284708333944901710e+02
1.400486978031694889e+02
1.492697916969656831e+02
1.558635416656732673e+02
1.604919269144535008e+02
1.635859375715255624e+02
1.652979165777564106e+02
1.655533853739499932e+02
1.645010416209697723e+02
1.628057290345430488e+02
1.612434896022081432e+02
1.589755207329988593e+02
1.572010417968034801e+02
1.562369791775941792e+02
1.559208331435918922e+02
1.563273438155651149e+02
1.569927083700895309e+02
1.571760416314005795e+02
1.571421876132488364e+02
1.573856770873069877e+02
1.579518228784203586e+02
1.593343749389052277e+02
1.610625001683831101e+02
1.630356772437691575e+02
1.647877603352069968e+02
1.659632811442017442e+02
1.655776041075587273e+02
1.638072916567325592e+02
1.606718749642372188e+02
1.563315103888511715e+02
1.510002603918314037e+02
1.443674479871988297e+02
1.356359374955296460e+02
1.249549479756504269e+02
1.167359374303370743e+02
1.074221354738110676e+02
1.137812500322237668e+02
1.242736978186294436e+02
1.355531250171363240e+02
1.450229165881872291e+02
1.521747394710779133e+02
1.580518229395151195e+02
1.625526041373610440e+02
1.651333332210779190e+02
1.654208333164453393e+02
1.638447915285825616e+02
1.615257812857627755e+02
1.589804688841104507e+02
1.556890627548098678e+02
1.541010414928197747e+02
1.533250000372528916e+02
1.527203124791383857e+02
1.531328125998377914e+02
1.537593748487532253e+02
1.540335937201976719e+02
1.544200520083308277e+02
1.546710937961935883e+02
1.546296873763203621e+02
1.557080728910863456e+02
1.576406251057982502e+02
1.601447916761040631e+02
1.621963544160127526e+02
1.636635417968034858e+02
1.632046875357627869e+02
1.609645833939313775e+02
1.573440102934837341e+02
1.523846354216337318e+02
1.466494793161749897e+02
1.402458332628011703e+02
1.321986977562308425e+02
1.224940105006098747e+02
1.155255208581686048e+02
1.064617186405230314e+02
1.115526041242294042e+02
1.210677083743736091e+02
1.318299478009343204e+02
1.408867188557982502e+02
1.477749999910593033e+02
1.537945313543081340e+02
1.585838542491197529e+02
1.611023436307906991e+02
1.613255210161209163e+02
1.597622396081686134e+02
1.572768229797482604e+02
1.539575520128011590e+02
1.507140625134110508e+02
1.491075521528720742e+02
1.480617189347744045e+02
1.474486978426575661e+02
1.486372397214174157e+02
1.497338540598750001e+02
1.493343749895691985e+02
1.490124999448657093e+02
1.489507813200354462e+02
1.488604165956377869e+02
1.492731770679354781e+02
1.511835936278104668e+02
1.541445313051343078e+02
1.564195311993360633e+02
1.579434897541999874e+02
1.579898434460163230e+02
1.563562500342726764e+02
1.532270832985639686e+02
1.485710938617586976e+02
1.431455727785825616e+02
1.372953125044703597e+02
1.298924477010965290e+02
1.210278646141290722e+02
1.148195312900468679e+02
1.055179687357507703e+02
1.099377603652421413e+02
1.182786458333954158e+02
1.283304686728864965e+02
1.369567708410322666e+02
1.432596353501081410e+02
1.487041667506098861e+02
1.529088543325662499e+02
1.548335935950279350e+02
1.545815102905035019e+02
1.528346354171633834e+02
1.500281248658895379e+02
1.463927082419395447e+02
1.437572915978729782e+02
1.418703124940395242e+02
1.400742187902331466e+02
1.389929686978459245e+02
1.401221355751156921e+02
1.407268229708075467e+02
1.397940103173255864e+02
1.392539065375923997e+02
1.391424477592110520e+02
1.395945312216877880e+02
1.402304687425494194e+02
1.425325520396232548e+02
1.460341146707534676e+02
1.489611978381872177e+02
1.505765625536441803e+02
1.511976561203599090e+02
1.507588540777564106e+02
1.484249999865889436e+02
1.443934896573424282e+02
1.399062498420476857e+02
1.350411458089947701e+02
1.283236979514360314e+02
1.202187500551342936e+02
1.142359376728534670e+02
1.049036459359340370e+02
1.084367187833413482e+02
1.158854168180376263e+02
1.254067708361893949e+02
1.334520834054797831e+02
1.387239582806825524e+02
1.430846354424953404e+02
1.462549479722976571e+02
1.475713541597127971e+02
1.470067706674337273e+02
1.450031250923871937e+02
1.419101562142372188e+02
1.384929687187075729e+02
1.355934895873069763e+02
1.327906251206994170e+02
1.301033854812383765e+02
1.283091144807636681e+02
1.279333334460854559e+02
1.273953124955296516e+02
1.266872396767139435e+02
1.266442707605660019e+02
1.276549479871988240e+02
1.294705728635191804e+02
1.312841144844889527e+02
1.344723958313465175e+02
1.383523436635732651e+02
1.415752604395151195e+02
1.435143228143453484e+02
1.443648437470197621e+02
1.445315102726221141e+02
1.431929686054587307e+02
1.402468749403953439e+02
1.368289063304662818e+02
1.328794271126389503e+02
1.269479167044162722e+02
1.191807290643453570e+02
1.130856770625337901e+02
1.040755209129070806e+02
1.069179688085801843e+02
1.139117187242954969e+02
1.231744792878627806e+02
1.307421875339001360e+02
1.349966145098209438e+02
1.381111978292465210e+02
1.402742187201976662e+02
1.410804686218500024e+02
1.406330730140209084e+02
1.390270833089947757e+02
1.368276040062308425e+02
1.346018229216337261e+02
1.316627603635191974e+02
1.283583332061767521e+02
1.254065103650093107e+02
1.233872395507991371e+02
1.216197916623204947e+02
1.203083333157002954e+02
1.200591145128011732e+02
1.202981771245598850e+02
1.225312499478459358e+02
1.261364584624767247e+02
1.291424479931592941e+02
1.321460937142372245e+02
1.349604167997837010e+02
1.375526042774319535e+02
1.392955730125308094e+02
1.397718751341104451e+02
1.396843749567866269e+02
1.389270834088325444e+02
1.371682290047407093e+02
1.346572916299104747e+02
1.312585938036441746e+02
1.256552084505558042e+02
1.178575519800186129e+02
1.112973957999609382e+02
1.027591144576901598e+02
1.052057291935198009e+02
1.118322918841615348e+02
1.209401040602475348e+02
1.287960936833173093e+02
1.324994791984558162e+02
1.345463542789220810e+02
1.359299479633569661e+02
1.365885416015982514e+02
1.364432292312383765e+02
1.359164062395691985e+02
1.356763018280267659e+02
1.353721353873610553e+02
1.336440103441476879e+02
1.310354165636003074e+02
1.290088541172444820e+02
1.271554687038064060e+02
1.251755209848284665e+02
1.240080729529261561e+02
1.236630208134651241e+02
1.243611977782100411e+02
1.265763018392026424e+02
1.301932291589677391e+02
1.329856771789491177e+02
1.345958331331610793e+02
1.355671874955296516e+02
1.367249998912215290e+02
1.375226562500000114e+02
1.374403645902872029e+02
1.370080727815628165e+02
1.364281252235174122e+02
1.355023438051343021e+02
1.336453123763203621e+02
1.301309896051883754e+02
1.243145835243165465e+02
1.162947918709367485e+02
1.092130207924172254e+02
1.006848959611495928e+02
1.030770832680631486e+02
1.096127605800516847e+02
1.187046875081956330e+02
1.271041666399687529e+02
1.311205729633569774e+02
1.328325522214174157e+02
1.336718747600912991e+02
1.342947915717959404e+02
1.346773437634110451e+02
1.351929687947034893e+02
1.363861980125307980e+02
1.376924477547407264e+02
1.376208332791924533e+02
1.363940103679895515e+02
1.350312501996755543e+02
1.339911456927657127e+02
1.334299479156732673e+02
1.329552081808447781e+02
1.326898437038063889e+02
1.331265625134110451e+02
1.343822916038334370e+02
1.359377605207264423e+02
1.372148436792194843e+02
1.375223957329988593e+02
1.370796874135732537e+02
1.365757813021540699e+02
1.364658852472901458e+02
1.362179686993360406e+02
1.358864581212401390e+02
1.355026041448116416e+02
1.349244791179895344e+02
1.332492187768220901e+02
1.294565103963017521e+02
1.230804688520729542e+02
1.143575521022081318e+02
1.066908853738568723e+02
9.847083333432674124e+01
1.005432290466502252e+02
1.071736978184431734e+02
1.164536458121612696e+02
1.253299479583278355e+02
1.302984373867511749e+02
1.323421874076128120e+02
1.331210936829447746e+02
1.335039063781499920e+02
1.339950519740581569e+02
1.350044270724058038e+02
1.366421875447034893e+02
1.384088541179895344e+02
1.389760416224598885e+02
1.391002603664994126e+02
1.387851562313735485e+02
1.384971354488283453e+02
1.385911458346992617e+02
1.387388020146638041e+02
1.391812500499189014e+02
1.395244792349636498e+02
1.396744792949408236e+02
1.392992187082767543e+02
1.389390625108964628e+02
1.380869792291894669e+02
1.369078123431652898e+02
1.356013021409511623e+02
1.349151042915880794e+02
1.347643227443099079e+02
1.351565102830529099e+02
1.352822915002703610e+02
1.348361977905034905e+02
1.328760414987802392e+02
1.287559893496334666e+02
1.217216145992279053e+02
1.122539063666015835e+02
1.043367185764014664e+02
9.668906242512166216e+01
9.812968752624001922e+01
1.046026041538454621e+02
1.140494792213663402e+02
1.235929687565192552e+02
1.296859374474734068e+02
1.323585938423871937e+02
1.333799478769302311e+02
1.335729166939854622e+02
1.335289061933755761e+02
1.338578124016523248e+02
1.346218749120831433e+02
1.357020831823348885e+02
1.360000000089407024e+02
1.364695314086973781e+02
1.368791667625308150e+02
1.373031251937150898e+02
1.376570311680436021e+02
1.383143230915069637e+02
1.388466145958751383e+02
1.386533854257315284e+02
1.381075522268191094e+02
1.373567707603797317e+02
1.363041666774079204e+02
1.349614581437781453e+02
1.334161455577239508e+02
1.322085936913266835e+02
1.320184895467013177e+02
1.328325522027909642e+02
1.345101563513279075e+02
1.354611980333924350e+02
1.350338540270924454e+02
1.326611977234482822e+02
1.280210938304662704e+02
1.201263020835816917e+02
1.101179686188697815e+02
1.023890624540858028e+02
9.532786445883102999e+01
9.604401046941056563e+01
1.019846353146247537e+02
1.111624998901039305e+02
1.214539062969386549e+02
1.287510415930300951e+02
1.323984375864267236e+02
1.339828124240040665e+02
1.338065103143453598e+02
1.325177083447575512e+02
1.308848958417773360e+02
1.293859375566244125e+02
1.287041665226221028e+02
1.283161458238959369e+02
1.288749998018145675e+02
1.294554687738418579e+02
1.301291666418314037e+02
1.307778644185513315e+02
1.314057290600612760e+02
1.317554687544703427e+02
1.313466147598810494e+02
1.304078124451451117e+02
1.295710936261340862e+02
1.283950521454215163e+02
1.268614584302529664e+02
1.259453125953674260e+02
1.261979167558252755e+02
1.278041666977107553e+02
1.307411457344889527e+02
1.339791666865348816e+02
1.356749998703598976e+02
1.351703125327825603e+02
1.322773437701165733e+02
1.267395833298564014e+02
1.179411459524184522e+02
1.074726562712341575e+02
1.004114584209397378e+02
9.386666657533496050e+01
9.408593750372529030e+01
9.922447922606951920e+01
1.079250000257976296e+02
1.186093751173466444e+02
1.271005208045244217e+02
1.319669269576668853e+02
1.343057292096316928e+02
1.338307292714715118e+02
1.310841144591569787e+02
1.270955730676651001e+02
1.223960936218500137e+02
1.188541666030883732e+02
1.169281251154839936e+02
1.167554687689989805e+02
1.169169269695878057e+02
1.176093749690800934e+02
1.184216144926845971e+02
1.188817707620561066e+02
1.191442708626389475e+02
1.188950521152466564e+02
1.182632812045514612e+02
1.171942708646878657e+02
1.163929687680676608e+02
1.158885415876284242e+02
1.168682291373610553e+02
1.199304686907678814e+02
1.245429688364267378e+02
1.297361978299915677e+02
1.338755207806825638e+02
1.358101562999189014e+02
1.348575520351529065e+02
1.312114580988883858e+02
1.246963541697710696e+02
1.150786456830799551e+02
1.043247395353391767e+02
9.795312494360841526e+01
9.233151033108588024e+01
9.210729162208735943e+01
9.610156243499368145e+01
1.040388020248152259e+02
1.148783852884545951e+02
1.242083331905305386e+02
1.304742188021540699e+02
1.338195311680436248e+02
1.337328123033046836e+02
1.302382810845971051e+02
1.245643228203058186e+02
1.182971354208886652e+02
1.126679686672985525e+02
1.081666665948927459e+02
1.057919270388781996e+02
1.050786458965390864e+02
1.051843749739229708e+02
1.060838541615754309e+02
1.069648437844589353e+02
1.074963540762662859e+02
1.075132813349366216e+02
1.073109374448657007e+02
1.067713541820645275e+02
1.068687498927116337e+02
1.085919271804392281e+02
1.119723958715796499e+02
1.170632811531424551e+02
1.233830729305744143e+02
1.297531247451901493e+02
1.339575520381331444e+02
1.352950521484017372e+02
1.335398437052965050e+02
1.290877604968845844e+02
1.214651041712611885e+02
1.113046874692663550e+02
1.007838541714474587e+02
9.553671882259659753e+01
9.131406258824281963e+01
9.079843745343387695e+01
9.329687497238629135e+01
9.987526035229674903e+01
1.101283853615634172e+02
1.201322916477918596e+02
1.277304687291383800e+02
1.321739582374692077e+02
1.334406250789761543e+02
1.310249998420476913e+02
1.259726562928408384e+02
1.206578125052154036e+02
1.158958332657814054e+02
1.117710937667638120e+02
1.092867187693715039e+02
1.084440104525536270e+02
1.083265625055879298e+02
1.085520832348614988e+02
1.089598958041518983e+02
1.094861979873850970e+02
1.096828124223277001e+02
1.096583332790061860e+02
1.096666665753349719e+02
1.105351564168930025e+02
1.128281251199543505e+02
1.159044272400438729e+02
1.201945311605930300e+02
1.253328124716877880e+02
1.304242187961935997e+02
1.338335938736796322e+02
1.339122396454214936e+02
1.309989582560956478e+02
1.257554687131196260e+02
1.171182291857898292e+02
1.066044270098209381e+02
9.728906255159526495e+01
9.333151043476536302e+01
9.065286467813420757e+01
8.993723950297571434e+01
9.079401044528931664e+01
9.558619781932793558e+01
1.047635415762662916e+02
1.149789064010605273e+02
1.234567707963287830e+02
1.289585938073694820e+02
1.318328124433755875e+02
1.316304687306284791e+02
1.294372396163642520e+02
1.268507810313254538e+02
1.248270832210779133e+02
1.232968748934567031e+02
1.218835937228053865e+02
1.207880208533257189e+02
1.205270833609625640e+02
1.205335938299074741e+02
1.207536458458751412e+02
1.208968750699423254e+02
1.208265625623986068e+02
1.210213540522381663e+02
1.216375001028180094e+02
1.220088541626930265e+02
1.226174479544162779e+02
1.239252603620290785e+02
1.262526040375232697e+02
1.292187500670552254e+02
1.317177083298564071e+02
1.327440102279186362e+02
1.310997395306825695e+02
1.269802083782851696e+02
1.209104166552424431e+02
1.117239582266658573e+02
1.015036458875983953e+02
9.407708333190529970e+01
9.136223967843689309e+01
9.020104158318136456e+01
8.934765625372529030e+01
8.906328132352791727e+01
9.183802075427956879e+01
9.938385411454365226e+01
1.090359374421648653e+02
1.180388021707534847e+02
1.246190103679895458e+02
1.287320312984287796e+02
1.305518229186534995e+02
1.313028645187616235e+02
1.311518228732049351e+02
1.302960936918854600e+02
1.297270831875503063e+02
1.290158855002373457e+02
1.281864583238959199e+02
1.275122394278645572e+02
1.271802080614492354e+02
1.271684895017184260e+02
1.271450519520789442e+02
1.271575520461425128e+02
1.272359376672655316e+02
1.274598958618938980e+02
1.275479167312383595e+02
1.278854166336357565e+02
1.288736978709697780e+02
1.300276041433215255e+02
1.309565104663371926e+02
1.311604166567325649e+02
1.301078124970197791e+02
1.267466146945953369e+02
1.218119790911674443e+02
1.153445312321186123e+02
1.061065102562308340e+02
9.717447907198220491e+01
9.166614584662019638e+01
9.036067711040377048e+01
9.008151041083037569e+01
8.895729165724478094e+01
8.800755213443190428e+01
8.871223965268582390e+01
9.411510418262332678e+01
1.023190104573965016e+02
1.117635416842997103e+02
1.192908851958811312e+02
1.245992188826203346e+02
1.279802083291113348e+02
1.303736979477107525e+02
1.316648437447846050e+02
1.312999999690800905e+02
1.303023438923060837e+02
1.296135416097939128e+02
1.285554689474403744e+02
1.271885416679084244e+02
1.266124999180436106e+02
1.261838541561737657e+02
1.259804687136784196e+02
1.261911458279937506e+02
1.265135416086763200e+02
1.271723957993090153e+02
1.280299478821456489e+02
1.290734374865889436e+02
1.303174479827284813e+02
1.308002604588866120e+02
1.303986977711319923e+02
1.289013020813465005e+02
1.262281250268220845e+02
1.217098957836628017e+02
1.163651041187345925e+02
1.093588539853692083e+02
1.007570313021540613e+02
9.426953120343387127e+01
9.049296875456347777e+01
8.963750001955777691e+01
8.999062492414377346e+01
8.892291671724524349e+01
8.761380206979811192e+01
8.667291664034128473e+01
8.999088536333292154e+01
9.643828125502913906e+01
1.053713540285825729e+02
1.136661457687616377e+02
1.199588541418313952e+02
1.247947916898876457e+02
1.282627603687346038e+02
1.304539062596857661e+02
1.307187501557171458e+02
1.296919270940124989e+02
1.284151040792465324e+02
1.269507810879498777e+02
1.251739581990987062e+02
1.238354165107011795e+02
1.233729165781289367e+02
1.232416667513549271e+02
1.234825522046536150e+02
1.243937500771135092e+02
1.257588541835546465e+02
1.271851563662290516e+02
1.289828126311302299e+02
1.304445312514901048e+02
1.307424478426575547e+02
1.294369791164994297e+02
1.263947915419936123e+02
1.222549478515982599e+02
1.169536458816379252e+02
1.111661460243165465e+02
1.039950521547347364e+02
9.710182296950370073e+01
9.292552082510664491e+01
9.087109370883554504e+01
9.010338537567295703e+01
9.004661458213813319e+01
8.906744791304227249e+01
8.764557290375232412e+01
8.627213539869990200e+01
8.790677091944962740e+01
9.256328128464519978e+01
9.965963557399808792e+01
1.082533854130655584e+02
1.155937498815357714e+02
1.218833333447575598e+02
1.266184894710779218e+02
1.301562498182058221e+02
1.317572916358709278e+02
1.315768229424953404e+02
1.302169272616505680e+02
1.288057291269302311e+02
1.274695312350988416e+02
1.261489583849906921e+02
1.255440104804933128e+02
1.254877604432404041e+02
1.259145833399146852e+02
1.271213541880249949e+02
1.287075520783662910e+02
1.301177085205912647e+02
1.313968750968575421e+02
1.319364584207534676e+02
1.313221354216337318e+02
1.287747394859790688e+02
1.242934895917773304e+02
1.186171877011656761e+02
1.126088540988043007e+02
1.062851563163101645e+02
9.975182282924652100e+01
9.521588545609264997e+01
9.303854164863005849e+01
9.228619790142401769e+01
9.229947933226358714e+01
8.968619792803656310e+01
8.917604151710402505e+01
8.796354163871146170e+01
8.700468746088445471e+01
8.788177078748121573e+01
9.066197909666225030e+01
9.569401037571951463e+01
1.032434894507750869e+02
1.111713543143123388e+02
1.186549479573965016e+02
1.250320312753319740e+02
1.302981771707534904e+02
1.339976563245058117e+02
1.357692708000540733e+02
1.358531250879168510e+02
1.352630209505558128e+02
1.346596352905035019e+02
1.339833333127200490e+02
1.335294271171092930e+02
1.335851562567055169e+02
1.338255208685994262e+02
1.345460937798023338e+02
1.354690101176500434e+02
1.359976563543081340e+02
1.359822915747761840e+02
1.349304687373340244e+02
1.322648438066244125e+02
1.276440105095505686e+02
1.215213540941476822e+02
1.148559897098690215e+02
1.084794270681217370e+02
1.022395833417773190e+02
9.721197921186686131e+01
9.508098964449018808e+01
9.437291664974763705e+01
9.437187501150182811e+01
9.527161443741060509e+01
8.917109370096586929e+01
8.920859365654177964e+01
8.885859381491317777e+01
8.851796876834706040e+01
8.900677077411674532e+01
9.058984379204920856e+01
9.382578125274740444e+01
9.902005208414047388e+01
1.061914062593132257e+02
1.137052084170281887e+02
1.212947916239500046e+02
1.285625000596046448e+02
1.345132812172174397e+02
1.384830728113651332e+02
1.405786458700895309e+02
1.416088540732860679e+02
1.419505209043622074e+02
1.420552083179354668e+02
1.420994791612029076e+02
1.421442709609866029e+02
1.419794270604848805e+02
1.418638021089136600e+02
1.417622393727302494e+02
1.410453123331070060e+02
1.392815104171633607e+02
1.363627605080604610e+02
1.313604167908430043e+02
1.246786458402872029e+02
1.169218750353902578e+02
1.098304687481373492e+02
1.038205729203298660e+02
9.891041669771075817e+01
9.666848976053297804e+01
9.684895843621343658e+01
9.766640631482005119e+01
9.829322912245989130e+01
9.840364576932043406e+01
8.839713552242611172e+01
8.948906230870633749e+01
9.022838545832783552e+01
9.053177087367512854e+01
9.114296879263129370e+01
9.221354166788515272e+01
9.387812488318886039e+01
9.647656253762542633e+01
1.013591145996004315e+02
1.076468750281259474e+02
1.147893230460584135e+02
1.231627604737877846e+02
1.307205728173256034e+02
1.365997396305203324e+02
1.405880208045244331e+02
1.431992188662290459e+02
1.444713540375232697e+02
1.450364584326744080e+02
1.453820312708616314e+02
1.454083334505558014e+02
1.450598960265517121e+02
1.441627602130174637e+02
1.429177084073424453e+02
1.409596356123685723e+02
1.377640623152256012e+02
1.331226565182209072e+02
1.263619791738688889e+02
1.183174480773508606e+02
1.101273437291383743e+02
1.040023438371717930e+02
9.955104167740792320e+01
9.743854176141321943e+01
9.878437491124495295e+01
1.010713541187346038e+02
1.030252603793051094e+02
1.025041667192708701e+02
1.008380208800779627e+02
8.702942713208031478e+01
8.960781250500585315e+01
9.188125016330741346e+01
9.352812508821952520e+01
9.467604161051568212e+01
9.534427076354623409e+01
9.569843743443489359e+01
9.587890634816139368e+01
9.807473954372107983e+01
1.020440105417743268e+02
1.071726561807095948e+02
1.148526041816920014e+02
1.228156248636543779e+02
1.295695310056209451e+02
1.346895834438502675e+02
1.380997394934296665e+02
1.401221353992819729e+02
1.413505210429430008e+02
1.418791669622063694e+02
1.418781249687075672e+02
1.412106771241873560e+02
1.397401039443910236e+02
1.378356772020459289e+02
1.351033853873610440e+02
1.308861979000270424e+02
1.251963539980351925e+02
1.175395832881331444e+02
1.094710937768220873e+02
1.028796875236555906e+02
9.948307284042239473e+01
9.788072919948027106e+01
9.952942699352279021e+01
1.040541668611578672e+02
1.078749999845400396e+02
1.092052084097638698e+02
1.065622395446756911e+02
1.031874999977648315e+02
8.486848951396532925e+01
8.846406245529651358e+01
9.266302089898381666e+01
9.680651047467253534e+01
9.927135427161120163e+01
9.994765622215345502e+01
9.977135415626689507e+01
9.798411446437239647e+01
9.802291679442859618e+01
9.949947914495132295e+01
1.014533854043111205e+02
1.062622395727783413e+02
1.129640625879168567e+02
1.192372396338731022e+02
1.241164063230156955e+02
1.278520834103226633e+02
1.302799477718770618e+02
1.317213541470468101e+02
1.323619791090488320e+02
1.324958334181457644e+02
1.317960939243435803e+02
1.301309896104037875e+02
1.280197918660938683e+02
1.251533855348825455e+02
1.207687499321997109e+02
1.149429688930511446e+02
1.075208333410322723e+02
1.014731771051883698e+02
9.820572906313464046e+01
9.791145824529230879e+01
1.000093750600703117e+02
1.055687499143183175e+02
1.117528646232560305e+02
1.152210938736796351e+02
1.143335937552852499e+02
1.097161457865964564e+02
1.047960937861585933e+02
8.182317722043953268e+01
8.640208342843689593e+01
9.281536450560670914e+01
9.921718744311947091e+01
1.037437500419327989e+02
1.056117187751224265e+02
1.055335936591029196e+02
1.028380208060843870e+02
1.011958333796588647e+02
1.004671875104773733e+02
9.930494796615093378e+01
9.965156236123293354e+01
1.033533853892236891e+02
1.078432291980832787e+02
1.117093748532235651e+02
1.149825521640479593e+02
1.171177083045244274e+02
1.183033853039145527e+02
1.190473959688097239e+02
1.194874999836087284e+02
1.190526042070239754e+02
1.175005208961665630e+02
1.153499999418854713e+02
1.127226562455296488e+02
1.087315102756023464e+02
1.038281249690800934e+02
9.902968747634440660e+01
9.672135421857237247e+01
9.723697912180796266e+01
1.003286459499970107e+02
1.062960937235038728e+02
1.146395832969341484e+02
1.207828124665189478e+02
1.215007812343537807e+02
1.181317708428949089e+02
1.120479166134493454e+02
1.058007812720490648e+02
7.915390619323588339e+01
8.401015615453943042e+01
9.156302086857613176e+01
9.984635418301914456e+01
1.061796875762753132e+02
1.102296874681953369e+02
1.116151040921918991e+02
1.095380208463407996e+02
1.068166666357778070e+02
1.044846354033332290e+02
1.011624999775551288e+02
9.770937503147870018e+01
9.778515635188668398e+01
9.960729171261191084e+01
1.019973957460373697e+02
1.039921875212341575e+02
1.050812500305473804e+02
1.059460937656462249e+02
1.067302082836627903e+02
1.068617186892777653e+02
1.064263020396232662e+02
1.052783854156732559e+02
1.035338540896773338e+02
1.016468749701976719e+02
9.903098957426846027e+01
9.630833338145166067e+01
9.474635424180887355e+01
9.602187501518055512e+01
1.003085937311872868e+02
1.066148437393829198e+02
1.153385415858589056e+02
1.238955728071741760e+02
1.280554687843192312e+02
1.259192707998445258e+02
1.207039061969146161e+02
1.134406250431202352e+02
1.057278645706828684e+02
