4.675399395691650284e+01
4.503272141645523874e+01
4.313492307673717363e+01
4.175335046662477367e+01
4.009630639026383392e+01
3.735295496040602359e+01
3.576008421739535947e+01
3.482369207687117552e+01
3.380555968246990517e+01
3.261402786002297916e+01
3.141411401037424156e+01
3.062018603549552864e+01
3.018121253207274179e+01
2.982291660383811305e+01
2.932317198015464044e+01
2.893827979943998585e+01
2.882702838084752983e+01
2.883489641656964508e+01
2.889574038171906878e+01
2.877122872991164826e+01
2.873706572146683058e+01
2.861769569263484314e+01
2.903335496126730675e+01
2.997527326715545115e+01
3.085987530897403275e+01
3.173667988276217855e+01
3.267912700433834772e+01
3.382865562234859169e+01
3.506858756574576574e+01
3.628353049069023939e+01
3.746091477527893687e+01
3.918422520613454196e+01
4.151191004646487670e+01
4.430340616299928058e+01
4.617554179047602503e+01
4.853433696335073932e+01
5.013144713457932511e+01
4.578272190467497182e+01
4.394769582661850649e+01
4.181067461703075594e+01
4.032428744449736513e+01
3.818811062161673675e+01
3.579707828073861720e+01
3.492184213193923625e+01
3.374275070491361816e+01
3.252233319207716988e+01
3.116704461899395895e+01
3.020413181612916986e+01
2.940816808983832331e+01
2.893717690946289878e+01
2.830889308526959169e+01
2.764547632045747250e+01
2.731535829503003399e+01
2.729309071067056180e+01
2.733267957612270038e+01
2.732714101748462809e+01
2.722494604940274954e+01
2.709745482296207086e+01
2.703673579661851534e+01
2.750389148734376832e+01
2.840689664381453383e+01
2.930778345370235982e+01
3.032977278959609180e+01
3.130584423217256429e+01
3.230783105219141049e+01
3.343735200810520070e+01
3.482167723499408396e+01
3.601696561585423950e+01
3.727364323236175636e+01
3.911121915697443541e+01
4.234769684306542104e+01
4.461387335054958925e+01
4.671036030489251800e+01
4.882514864824908329e+01
4.502263386344277762e+01
4.261335363253668618e+01
4.049795565892519988e+01
3.855850055023090306e+01
3.637267408054594853e+01
3.499116913853029587e+01
3.415685547437437464e+01
3.244273528170659660e+01
3.089706244810256663e+01
2.976771915546328984e+01
2.916791672913161193e+01
2.856988121208263109e+01
2.794857129104111237e+01
2.719692372009587800e+01
2.646647435245658997e+01
2.594951192413595109e+01
2.584260213025422814e+01
2.580904276666880293e+01
2.582095806385869707e+01
2.583653903785427275e+01
2.586686172899173286e+01
2.610046834123437876e+01
2.656473016742201310e+01
2.737538350716296875e+01
2.828970581530748518e+01
2.918615872906286413e+01
3.025275610566971451e+01
3.129696476663687932e+01
3.227779386446930943e+01
3.366380496689471613e+01
3.508809837224906403e+01
3.625532730286041527e+01
3.745191156304159108e+01
4.008301060556229345e+01
4.293384407568524352e+01
4.516982482405489918e+01
4.737099578985937143e+01
4.405262912896643712e+01
4.128978686052400349e+01
3.912695548522795974e+01
3.687131777396854204e+01
3.503783381055999513e+01
3.439077221372125592e+01
3.318961720768585621e+01
3.132478113640661377e+01
3.020562251593496939e+01
2.933042968767942682e+01
2.854926909228713328e+01
2.753898915349287435e+01
2.670967062144040938e+01
2.605342960686634513e+01
2.551807494074655480e+01
2.508106017880964345e+01
2.493195641489693060e+01
2.486996853615159964e+01
2.488151500836603347e+01
2.493585307228041970e+01
2.502720731866695303e+01
2.528235254082100880e+01
2.565824710195419200e+01
2.639280547077790118e+01
2.745550705175743289e+01
2.823553561976513393e+01
2.921645561030716820e+01
3.039219508458982233e+01
3.153132252715895945e+01
3.270628211254822304e+01
3.416912155260676798e+01
3.525553741197558111e+01
3.642787422478207304e+01
3.840760011939742924e+01
4.082646010484816657e+01
4.342748826864399092e+01
4.563218043685274239e+01
4.296820548789980876e+01
4.034869933006307718e+01
3.808258257709346850e+01
3.608677525712245426e+01
3.449620732687433389e+01
3.377587312503207073e+01
3.222649782567444987e+01
3.092340624110974900e+01
2.969358277957860537e+01
2.863137778879756468e+01
2.767118117696175972e+01
2.655789966890412046e+01
2.593985456181949090e+01
2.549273617042823403e+01
2.503700748466980386e+01
2.465360256802167882e+01
2.429692648527425192e+01
2.413458028920296883e+01
2.417167280199085511e+01
2.420779741977833766e+01
2.438394014498106088e+01
2.470169130106830835e+01
2.516104174602977395e+01
2.580010127214909232e+01
2.672041005473012376e+01
2.745554415667633208e+01
2.827957135711999470e+01
2.932440684429330702e+01
3.068939383294791412e+01
3.198198274974090083e+01
3.330833866791711984e+01
3.422898816355181850e+01
3.542060445746331254e+01
3.714247028840088660e+01
3.910447089814179122e+01
4.162601823508632748e+01
4.412909647138508973e+01
4.247619442313332172e+01
3.989166659125262271e+01
3.739044305991335193e+01
3.552485879830113902e+01
3.411570355346331951e+01
3.311685940581229914e+01
3.136762864634710724e+01
3.032290683014279153e+01
2.920774165617824636e+01
2.831081172042278737e+01
2.736702811840642724e+01
2.622707430153518970e+01
2.549894341892340677e+01
2.497939075067805703e+01
2.443250495481517959e+01
2.417022932193636464e+01
2.385414791300207327e+01
2.357022231589866124e+01
2.359062164046123655e+01
2.372753677440784159e+01
2.387995510853256320e+01
2.422676586763898143e+01
2.477129272803171744e+01
2.544398052208734740e+01
2.630658840745806515e+01
2.715140904923753951e+01
2.785618335574629967e+01
2.869452462172868579e+01
3.007832763288104516e+01
3.155313199434078086e+01
3.268774921141325507e+01
3.344086314635027435e+01
3.442018916253130101e+01
3.588670588653965865e+01
3.777413104873485850e+01
4.019700941292435914e+01
4.307985214534187435e+01
4.196566199684707499e+01
3.930174000299120962e+01
3.669328628928952440e+01
3.466095941312308781e+01
3.349906771110769199e+01
3.233814382915287666e+01
3.079317339073142534e+01
2.978855725459418835e+01
2.885483252501254370e+01
2.798518033831502549e+01
2.699219413153324965e+01
2.603965312384502795e+01
2.536999135030481156e+01
2.479173346557319846e+01
2.433466648837033830e+01
2.413717550631185205e+01
2.406475959512744112e+01
2.385573408932108208e+01
2.380380422848231348e+01
2.391174252438648651e+01
2.418701941276713541e+01
2.437303198396248405e+01
2.479421284694383232e+01
2.532522480503411444e+01
2.607152750234943994e+01
2.701860917443831767e+01
2.764645834882223241e+01
2.826455199255088502e+01
2.945067215660757398e+01
3.081412965674223869e+01
3.211947274007747666e+01
3.307427505276920243e+01
3.376331751992842811e+01
3.502449564940164350e+01
3.687882836470281944e+01
3.930300965746478425e+01
4.205163320376469471e+01
4.149831275658318930e+01
3.878539111907659986e+01
3.604257101578136968e+01
3.400648419028074443e+01
3.298895543079440529e+01
3.172080786843860523e+01
3.048992918606718661e+01
2.966567898685320515e+01
2.861462610927876682e+01
2.758661927891573740e+01
2.659309349060498917e+01
2.576111170722161603e+01
2.501585550304963945e+01
2.441599114998164310e+01
2.408674721574159605e+01
2.384178547763049849e+01
2.374366427388294554e+01
2.374555921653700352e+01
2.376023522195844606e+01
2.403911179648926577e+01
2.436380304455915891e+01
2.464044463118419159e+01
2.518548457113908512e+01
2.567848145017345729e+01
2.618538579966008939e+01
2.693417081058482410e+01
2.770083406839164297e+01
2.835874071546852804e+01
2.946289519456621875e+01
3.054284290108391531e+01
3.166528307711619661e+01
3.279446720988187280e+01
3.335695303547277035e+01
3.439935727102992047e+01
3.599374490840488505e+01
3.861234058478473941e+01
4.121125496614037331e+01
4.097815189377545408e+01
3.808185328743586950e+01
3.538336822711121954e+01
3.383019241819144440e+01
3.270285300895672975e+01
3.132060556596925949e+01
3.026404783422159639e+01
2.950645510111372261e+01
2.848562940895246953e+01
2.754970350269401891e+01
2.673470139770846643e+01
2.608920521941567827e+01
2.538657151871782602e+01
2.479448713937765447e+01
2.441157026427600130e+01
2.398685613731759858e+01
2.384990634059585446e+01
2.397079812554043698e+01
2.410961941465760816e+01
2.459629667523422469e+01
2.491055218104966329e+01
2.510247316771170389e+01
2.546615064135746920e+01
2.577260957981524570e+01
2.620939227196502586e+01
2.689294512013433547e+01
2.781788102945363050e+01
2.851777592944478812e+01
2.955211855123646103e+01
3.073573074347474332e+01
3.162251385058067044e+01
3.250311083510792542e+01
3.289949274232288445e+01
3.381894041830307884e+01
3.523264086414726393e+01
3.812886169488078281e+01
4.058532244106532971e+01
4.006065794971583216e+01
3.711128840996069300e+01
3.521526392554077489e+01
3.390759903969734523e+01
3.238731248789768813e+01
3.104638999749210981e+01
3.030617761908606411e+01
2.977082529637084463e+01
2.899162905790193889e+01
2.826108284114767599e+01
2.746938243682282632e+01
2.666173917223855128e+01
2.585841947111342876e+01
2.515754582819329599e+01
2.497303471114384266e+01
2.481128217105627698e+01
2.467664051403349745e+01
2.467988303154544738e+01
2.494027696299516705e+01
2.551734099237635078e+01
2.590311183851896715e+01
2.630964750133570718e+01
2.672779250790321726e+01
2.698696882495278615e+01
2.731667787017172699e+01
2.790303607138012865e+01
2.873375428987009883e+01
2.932752579402033533e+01
2.998165595698160146e+01
3.090755430921705127e+01
3.175809957075926704e+01
3.261081909198139783e+01
3.298985033417909563e+01
3.373726063436600242e+01
3.481121624836992368e+01
3.751560227489414956e+01
4.007365774629374755e+01
3.934483312217352591e+01
3.659881977382521967e+01
3.520001720274650125e+01
3.382841703469240002e+01
3.221726439012685006e+01
3.135113346639965926e+01
3.076393206967362204e+01
3.061046406389927910e+01
3.023742535162867284e+01
2.985849363873029816e+01
2.919801357352731586e+01
2.826240499817553697e+01
2.751629046434641523e+01
2.689435152623209291e+01
2.666431845544392942e+01
2.634673755047646893e+01
2.612557540592480265e+01
2.595696122762669233e+01
2.623751856602781629e+01
2.694770290615708674e+01
2.768021050290070306e+01
2.841023560534918957e+01
2.935913028019891158e+01
2.977999119153088614e+01
3.001831028423076120e+01
3.060846324675133445e+01
3.115936848336215448e+01
3.176520418025019410e+01
3.238081320847666689e+01
3.306974018697662387e+01
3.352345831374165641e+01
3.359921815002247314e+01
3.362309573864175860e+01
3.386924427896165923e+01
3.436003162640835029e+01
3.658887293966670029e+01
3.943666533977279443e+01
3.896194724012975286e+01
3.664353708606839888e+01
3.537663823945847952e+01
3.368704630629573415e+01
3.228511741086435194e+01
3.214095109626119751e+01
3.245012448262595939e+01
3.305232280951000234e+01
3.302652710090219301e+01
3.281436301221262397e+01
3.272246142616263853e+01
3.219299993107458135e+01
3.130079179219287155e+01
3.051087061941790779e+01
3.001776266911355151e+01
2.910802115816073155e+01
2.828395890113953470e+01
2.792269134768627126e+01
2.797951409572095116e+01
2.872443972199708639e+01
2.970408817758419318e+01
3.051577340768353253e+01
3.179950131846909400e+01
3.248141719543053085e+01
3.284311456406855001e+01
3.328239214699835458e+01
3.388933096872026596e+01
3.457381740694531658e+01
3.511973355144896658e+01
3.565412612735424602e+01
3.534430668803039310e+01
3.472128325260178627e+01
3.433591269540185920e+01
3.427161716505563760e+01
3.430616113051663518e+01
3.588945679345545159e+01
3.857388815326460474e+01
3.862182357384826048e+01
3.657066801898840680e+01
3.520341765265002465e+01
3.362740856680853341e+01
3.304995187319523353e+01
3.363950841562084548e+01
3.446164781097726859e+01
3.535726482612438559e+01
3.583928865160908828e+01
3.602756188945758709e+01
3.604562888197720838e+01
3.580206507626386525e+01
3.528960195139961797e+01
3.441880575983301327e+01
3.352421243310226373e+01
3.232682524542484970e+01
3.115623212956462496e+01
3.075466930456548198e+01
3.069819891731929928e+01
3.123294505501700158e+01
3.235312611845000674e+01
3.333127729843493370e+01
3.436555898883210602e+01
3.506899141026914890e+01
3.547181163984999586e+01
3.562866783967628237e+01
3.559628033672958480e+01
3.550073360380898890e+01
3.512670631358664508e+01
3.510592400052629358e+01
3.528722504437607910e+01
3.522929402851062974e+01
3.490475151984313840e+01
3.479071131144474549e+01
3.458132121631491884e+01
3.555260518638758072e+01
3.779420516114875994e+01
3.806291376808263038e+01
3.615829496162681522e+01
3.482770344499753890e+01
3.338845718234019699e+01
3.351969238415301078e+01
3.397272862047564956e+01
3.441619739117738419e+01
3.519339175790086216e+01
3.586752196856977548e+01
3.642545738059924076e+01
3.669821374515061052e+01
3.670248198844754484e+01
3.655560825311111728e+01
3.626197897184038510e+01
3.546612923081314506e+01
3.433866421257597068e+01
3.350808100979942594e+01
3.305009445092866827e+01
3.310333348066125581e+01
3.371591237948713626e+01
3.487081236194478606e+01
3.586029017358801951e+01
3.644412362351455670e+01
3.666688038130958915e+01
3.623599499557228398e+01
3.560910195109119769e+01
3.480188542257325679e+01
3.416607186882587399e+01
3.360935760207354406e+01
3.352856104018740524e+01
3.421024408267205530e+01
3.477303643795312382e+01
3.510370002505214160e+01
3.540927376078933264e+01
3.527889013128230999e+01
3.558262190123041790e+01
3.746244572435143283e+01
3.782795433931506324e+01
3.614914128137604621e+01
3.497959340438545439e+01
3.397428887320849356e+01
3.377610757366926464e+01
3.387069495941761943e+01
3.388562410777416289e+01
3.406361655999513260e+01
3.472088864117880291e+01
3.507949784556200967e+01
3.514587639833484189e+01
3.530740663981345762e+01
3.539451197755379752e+01
3.559110381260045841e+01
3.578325409432279969e+01
3.553867961481101645e+01
3.483829328991534879e+01
3.432112921480469936e+01
3.454686587953343491e+01
3.524528478276741339e+01
3.623035145506914034e+01
3.690487247666673198e+01
3.706061229954512726e+01
3.673027828620971036e+01
3.622696431812018147e+01
3.563300008927757290e+01
3.489397854742577465e+01
3.413071294606637451e+01
3.356982473632619701e+01
3.377434425694729470e+01
3.372590911764206822e+01
3.399873250425940796e+01
3.483559473704795550e+01
3.581625982138104547e+01
3.584541706663644334e+01
3.598152918408826650e+01
3.752233494967718741e+01
3.756810961592188391e+01
3.642289475890913764e+01
3.502002520786563622e+01
3.374027901215757197e+01
3.342355921918938577e+01
3.342691182708584563e+01
3.350864761737214792e+01
3.440416144665267950e+01
3.533372664887085790e+01
3.625915527946762751e+01
3.617715389008822768e+01
3.598789802741115551e+01
3.605212277228287832e+01
3.602259655257372373e+01
3.652753059007729064e+01
3.697117962881359432e+01
3.642508546846600126e+01
3.618990900346074113e+01
3.655844604124244768e+01
3.725877186777287164e+01
3.787428899594618059e+01
3.823305956711888598e+01
3.761305193657896950e+01
3.704378469299293641e+01
3.709771521998494848e+01
3.664930021926578974e+01
3.619764591380634045e+01
3.586043345377117930e+01
3.552112572375924060e+01
3.526095998137356702e+01
3.483170628602791652e+01
3.471052475200026066e+01
3.488889203559852348e+01
3.593739874856007788e+01
3.637537857275216169e+01
3.689835516783369229e+01
3.748537778333026438e+01
3.794810856505706909e+01
3.657503550634931599e+01
3.484015482037500533e+01
3.336211078377007055e+01
3.319813952987958316e+01
3.380375389592519042e+01
3.448577477212899112e+01
3.621532282658336754e+01
3.718768253506208055e+01
3.783130279717282463e+01
3.738445414776153086e+01
3.665537569457078604e+01
3.685004591245476036e+01
3.701053091403716877e+01
3.799191373908449521e+01
3.893987195341672702e+01
3.895217814783617882e+01
3.913876461776532523e+01
3.996322777541945470e+01
4.036338583460022278e+01
4.086687193674508478e+01
4.084637528269077933e+01
3.957125299755966807e+01
3.890736805585837743e+01
3.900510795987185730e+01
3.832131757654032356e+01
3.749923593817812417e+01
3.677892887160426483e+01
3.657427923029248262e+01
3.649601260386940282e+01
3.649439241061960360e+01
3.628202005423469245e+01
3.635120128715023924e+01
3.662880728210312498e+01
3.665893338313152583e+01
3.713825256213281278e+01
3.804711911587719442e+01
3.869652824101326871e+01
3.693790811552617726e+01
3.498300411428814982e+01
3.378980114372789956e+01
3.427189598741871635e+01
3.547128713828580260e+01
3.671037677822224765e+01
3.761797327334380725e+01
3.780670122944267320e+01
3.797689619634513036e+01
3.766692020016303388e+01
3.743164845963150356e+01
3.845715568794010863e+01
3.979272564770762699e+01
4.047110855600884349e+01
4.093288006785214606e+01
4.059156072949595284e+01
4.092453057152422957e+01
4.205338894168740893e+01
4.191599970863691027e+01
4.192488000565859352e+01
4.137633210117975580e+01
4.067891449287751726e+01
3.988352946995583181e+01
4.022441004231816208e+01
4.006943075248823760e+01
3.836274903041287132e+01
3.719968625713950416e+01
3.688186068836719755e+01
3.694106613015739526e+01
3.748823260850154782e+01
3.820935109751745529e+01
3.804411073493594131e+01
3.778370403192222682e+01
3.718615058273169893e+01
3.779269687588342919e+01
3.902953649190725116e+01
3.934222380141377329e+01
3.752276773157423406e+01
3.534888094263259006e+01
3.489602346128496180e+01
3.617843737980194874e+01
3.724099263375287450e+01
3.759815919300906017e+01
3.780542158594719382e+01
3.830364882938627602e+01
3.928446252432176777e+01
3.919043253281684969e+01
3.927033328584109029e+01
3.993020729943462044e+01
4.046659791095181191e+01
4.042007074765698604e+01
4.022406963665372359e+01
3.943074082047132123e+01
3.928510107512441607e+01
3.979931601854929113e+01
3.948586782239787851e+01
3.983922318454593636e+01
3.960146823744810263e+01
3.923987733657828159e+01
3.893905002823624528e+01
3.952591225196199787e+01
3.948965551506861260e+01
3.897994355949831657e+01
3.822839008433917485e+01
3.753026047955913214e+01
3.733914965281348941e+01
3.779270910617930923e+01
3.828927255157333320e+01
3.815271726746038894e+01
3.783862461096052243e+01
3.712848061669633637e+01
3.790473787481533918e+01
3.940046044116456869e+01
3.968686554190673377e+01
3.784767005362132863e+01
3.591771338851708606e+01
3.574140618948970882e+01
3.693450384075355686e+01
3.756491315822847099e+01
3.767441116780629073e+01
3.791608623626211028e+01
3.785786344110579904e+01
3.807383766338565323e+01
3.788522083294003551e+01
3.781532140438799416e+01
3.745592525515989024e+01
3.754028813624640293e+01
3.739687690059103176e+01
3.676730880402661228e+01
3.623111793454757645e+01
3.608338528122362732e+01
3.667970955487733420e+01
3.687855251886689700e+01
3.708351891887799212e+01
3.706730876343458192e+01
3.692357553419135030e+01
3.644276049154622399e+01
3.650213643715349576e+01
3.643785310152573231e+01
3.641404683851921220e+01
3.592336980434365046e+01
3.633682954993004444e+01
3.663773370844717903e+01
3.647548675547100316e+01
3.681050566161798088e+01
3.706261375732084673e+01
3.699299657829845245e+01
3.626489621392875762e+01
3.772643609458846470e+01
3.957924578465760845e+01
4.005679706334385060e+01
3.794675021194866105e+01
3.564284458892865359e+01
3.489975322751288189e+01
3.518308502426943107e+01
3.559481507364893105e+01
3.513866811297788928e+01
3.487711235815962851e+01
3.452277117872396417e+01
3.482376694671605577e+01
3.475387644056928593e+01
3.484690395321931788e+01
3.457941082619772999e+01
3.485704293867248538e+01
3.470320491642534932e+01
3.436400544387499423e+01
3.389702142506370564e+01
3.335330910743231669e+01
3.397469934243547840e+01
3.410909892125373943e+01
3.421680858134611469e+01
3.437121972558087890e+01
3.433443435836216651e+01
3.402013781908983958e+01
3.387670862113422032e+01
3.375365113910092418e+01
3.375148434243026685e+01
3.327227512537060505e+01
3.300612297771898085e+01
3.326443686303831981e+01
3.384033964751042589e+01
3.428087574089072120e+01
3.469383495185510213e+01
3.521883773706106524e+01
3.533905180102140520e+01
3.744662318519834798e+01
3.955840764079371041e+01
4.061125765104191032e+01
3.841395200263937681e+01
3.532992077556166066e+01
3.363281270241309784e+01
3.326832038865071439e+01
3.327021449283753896e+01
3.250918622740594799e+01
3.207196485682512588e+01
3.163089884354238279e+01
3.209231588119786949e+01
3.240161770568632704e+01
3.272073061518388215e+01
3.295939253108546296e+01
3.327102949538227961e+01
3.334979939035230245e+01
3.267003044458608940e+01
3.203207822084321776e+01
3.181523821248801553e+01
3.184960239831242035e+01
3.187986571913737066e+01
3.226089145630303534e+01
3.245106606726582754e+01
3.251005858362603362e+01
3.216520374733268994e+01
3.162192634615407982e+01
3.165906583749212189e+01
3.182029431509904782e+01
3.164898699830506246e+01
3.115775589683957136e+01
3.104324027900444705e+01
3.140523485748029486e+01
3.201976685079566920e+01
3.250739779917358163e+01
3.340828297493590782e+01
3.445738273911653948e+01
3.704437433880826092e+01
3.957054209701426117e+01
4.112704794426349508e+01
3.868506602630260005e+01
3.531836225401951168e+01
3.292764339134204477e+01
3.172346570020562595e+01
3.152113778894743490e+01
3.095762485285661469e+01
3.033703457575933626e+01
2.990145529654609646e+01
3.024831220961399580e+01
3.091140832091885216e+01
3.146294118785153771e+01
3.163582209823824343e+01
3.224030400197545987e+01
3.250179169589674899e+01
3.186756116969456798e+01
3.112558117382848977e+01
3.116309179068094437e+01
3.089797026632338017e+01
3.070739478947846024e+01
3.097959988673689935e+01
3.134203803609676697e+01
3.191661309721911266e+01
3.171246818482913099e+01
3.145383240283351256e+01
3.138162409614663773e+01
3.139078946948411541e+01
3.098436072256032858e+01
3.054300406514185440e+01
3.039833556605114495e+01
3.025590164406883531e+01
3.088747220807101712e+01
3.132647036852042177e+01
3.237092270201420519e+01
3.378378550470360864e+01
3.711749252457884296e+01
3.995862070106121422e+01
4.139477123055785057e+01
3.924654793670730157e+01
3.546184862535077542e+01
3.268171295773525031e+01
3.124418085690479430e+01
3.074793857067133729e+01
2.987874029258698627e+01
2.921493057679978378e+01
2.879846527113980059e+01
2.905476461086049511e+01
2.975881181576911416e+01
3.039808255823318106e+01
3.114885957210729828e+01
3.180049024784591793e+01
3.196475684992589450e+01
3.117899198402195182e+01
3.104318907170704023e+01
3.111986501486990164e+01
3.082702093135782562e+01
3.072260725627048217e+01
3.090035330531548752e+01
3.144577255863777054e+01
3.178852901884217275e+01
3.145347428242433452e+01
3.118550593871486498e+01
3.183508097045648100e+01
3.191203065989440901e+01
3.122462066151297577e+01
3.077540170395792174e+01
3.014028186785286678e+01
3.010537750469834961e+01
3.054647258488148154e+01
3.109803284462722672e+01
3.208481233745458638e+01
3.335339517103851392e+01
3.706967111123243086e+01
4.024275622265289343e+01
4.193628363089399613e+01
3.974010247125883666e+01
3.603721819886369104e+01
3.249493511967784798e+01
3.087162254638142045e+01
3.020217098727857064e+01
2.948941547013536280e+01
2.867137628001400884e+01
2.822652603417831685e+01
2.875303297948652315e+01
3.002870428618468068e+01
3.120577884339052588e+01
3.184741197325106299e+01
3.223729171330445809e+01
3.206790279873874994e+01
3.150288102286397773e+01
3.172019032501106395e+01
3.179699420341757943e+01
3.162414005937855421e+01
3.169139799500245758e+01
3.177023781153667059e+01
3.234422258863143895e+01
3.257641959077179905e+01
3.245866761267865286e+01
3.218842504146083883e+01
3.188210486429456836e+01
3.124202395148625655e+01
3.038456284889651116e+01
2.989452033494211847e+01
2.971909318931747990e+01
2.979917703189498823e+01
3.025399820935632178e+01
3.084088722293486029e+01
3.167869517589101847e+01
3.328654670708572638e+01
3.734574713052196415e+01
4.095689705519078672e+01
4.276666767122286217e+01
4.012412028684753551e+01
3.633447067846582001e+01
3.242459392903626281e+01
3.067729938702848358e+01
3.020020185779320343e+01
2.979531456563739766e+01
2.897856056875490083e+01
2.864659424704775503e+01
2.961352008476858444e+01
3.107006600042021205e+01
3.254859385167402053e+01
3.327284447745874019e+01
3.370057890861640715e+01
3.341875818796641795e+01
3.286698147795397773e+01
3.281588591308516101e+01
3.316419173697848777e+01
3.335952991283823366e+01
3.322448635776729020e+01
3.324048316884882581e+01
3.360493873212916327e+01
3.374728420104894155e+01
3.350219894501227458e+01
3.328101129275960801e+01
3.258957807132419049e+01
3.160171252009053333e+01
3.056946494145800841e+01
2.984633302400230193e+01
2.958297452142768691e+01
2.963487814875556481e+01
3.033638484601805985e+01
3.082890540608413232e+01
3.170319686012683391e+01
3.345309497216004502e+01
3.758485495543172306e+01
4.186873357702023668e+01
4.353317204875922641e+01
4.079518428361643601e+01
3.687619489534095862e+01
3.284711776139193518e+01
3.103513789020916036e+01
3.047957933483478143e+01
2.991274151498595657e+01
2.950756884480988873e+01
2.985031276262342104e+01
3.088910122350147347e+01
3.233857859300781001e+01
3.383155050652425899e+01
3.459070491822679827e+01
3.525285676655407485e+01
3.538066763486691002e+01
3.510976473892302607e+01
3.543132747410561478e+01
3.544087050861568144e+01
3.540936927823880609e+01
3.532179452268695030e+01
3.534596152145491743e+01
3.566429258436944849e+01
3.586969023761857756e+01
3.554383211753949467e+01
3.507840253844076273e+01
3.431217531861415182e+01
3.313680009566056839e+01
3.202195174931242860e+01
3.086070821003375997e+01
2.984069398732221856e+01
2.969464673459866688e+01
3.041147195868517628e+01
3.090161474711547385e+01
3.158992805514398228e+01
3.365789601526498132e+01
3.813875664469999549e+01
4.262485322643873076e+01
4.442455980382190006e+01
4.185948540670553797e+01
3.785798287848056987e+01
3.353784501235382010e+01
3.156316204725793639e+01
3.079385487243507669e+01
3.031829373242941728e+01
3.024764174044812037e+01
3.085330986468209247e+01
3.205477537390538600e+01
3.359808659430891709e+01
3.494947100390924533e+01
3.593713805992013732e+01
3.530848590891422845e+01
3.539709289287299754e+01
3.541746025051852342e+01
3.633297777355829794e+01
3.700915243040130775e+01
3.743664719782595540e+01
3.739948826677925808e+01
3.744457752295644326e+01
3.775472188015726971e+01
3.757161098968917656e+01
3.684415499400344629e+01
3.637806613849442527e+01
3.582165220638522385e+01
3.458555673507268580e+01
3.351774053416466614e+01
3.215485134174875270e+01
3.058164755353717723e+01
3.017546366450887874e+01
3.051932070466677516e+01
3.090196860679448676e+01
3.162137739969363182e+01
3.384356628315497062e+01
3.848957824166575392e+01
4.302181174541394881e+01
4.574537504252754161e+01
4.288190735999094017e+01
3.879310418337531985e+01
3.396677536755780835e+01
3.180877322482405845e+01
3.109996771645222324e+01
3.086401976355514876e+01
3.100844455871349581e+01
3.155314251146992177e+01
3.278076845525930594e+01
3.405580061326168106e+01
3.493211417132770436e+01
3.541387918541127533e+01
3.532883636591310506e+01
3.564696083218787237e+01
3.622558064233582087e+01
3.766965126956991128e+01
3.913898279387802148e+01
4.016208024706425306e+01
4.008624196982264465e+01
3.914072293246844936e+01
3.851170162793803797e+01
3.792477256444645661e+01
3.754643075286946896e+01
3.682180636347965930e+01
3.639446643305618778e+01
3.522591369668971595e+01
3.427827252583132633e+01
3.312415556756916146e+01
3.155605769155715734e+01
3.086919638971029656e+01
3.093170381874637798e+01
3.134050481870547600e+01
3.199330647706697661e+01
3.440698867340379508e+01
3.881633843819521701e+01
4.314472618198673359e+01
4.676704461411533487e+01
4.360018745398649287e+01
3.971872581055826146e+01
3.473074172848557595e+01
3.182026920818978510e+01
3.123718192307475050e+01
3.100178166295381388e+01
3.153281565414889798e+01
3.213410261033066462e+01
3.273569711869902932e+01
3.341249650863701248e+01
3.412130579252051632e+01
3.453874960188726106e+01
3.554929679389840658e+01
3.640376002814774381e+01
3.743461813443474284e+01
3.833667503246294217e+01
3.875566571138228511e+01
3.955883324015547231e+01
3.991683251157571277e+01
3.914485301789395777e+01
3.800861873011374570e+01
3.704306744707263732e+01
3.687466003955416483e+01
3.659490268863309126e+01
3.621497339989636544e+01
3.473995672082073582e+01
3.367726548809582710e+01
3.314868465038470191e+01
3.234178698743230029e+01
3.152224842689969719e+01
3.149632904574718140e+01
3.185983983695454569e+01
3.254356680920006539e+01
3.515228834109272782e+01
3.924598480364846154e+01
4.346189973571730292e+01
4.731786935879396339e+01
4.410335329062649379e+01
4.059779442376868275e+01
3.584924630145130209e+01
3.201559682943918261e+01
3.157091343286308671e+01
3.163112225710781900e+01
3.206482199008722489e+01
3.243010056597125867e+01
3.270392601047589665e+01
3.281759420231353630e+01
3.298029163774290851e+01
3.428095682979102321e+01
3.611483063437061247e+01
3.683583790327205065e+01
3.720715393683795469e+01
3.768136069155131906e+01
3.766480346817013469e+01
3.805853305359440952e+01
3.824962773228394042e+01
3.785956326678704187e+01
3.710106185143509805e+01
3.627564455196690574e+01
3.627742089023988825e+01
3.626586354292964387e+01
3.569810497810670569e+01
3.469779085909114968e+01
3.362917948121244649e+01
3.296953434477568834e+01
3.267998799585963354e+01
3.189950663366725081e+01
3.171101875648735913e+01
3.203336598938811619e+01
3.304308709935664012e+01
3.563581717048725039e+01
3.972233380880773979e+01
4.373722158600127585e+01
4.780841415579912024e+01
4.476696547701719453e+01
4.140839069695221042e+01
3.687023665699040720e+01
3.242104320320410693e+01
3.177977543930883897e+01
3.204570041643933109e+01
3.241042637101700308e+01
3.264762257784564525e+01
3.247729130921153740e+01
3.235423235901486549e+01
3.268732190207332877e+01
3.362317390663596939e+01
3.474939036958174654e+01
3.556590437314948616e+01
3.592814831282186105e+01
3.596491228959709474e+01
3.567323172941019038e+01
3.564682435236311164e+01
3.544223939654638400e+01
3.582354224373238338e+01
3.557214206042049653e+01
3.513721648611407034e+01
3.497668035759610206e+01
3.483258096511269741e+01
3.451589157959794818e+01
3.439137982260702842e+01
3.390577299808869327e+01
3.310541559450545890e+01
3.248503042361178217e+01
3.211447330720785942e+01
3.181874979760011612e+01
3.195046561626794102e+01
3.298938464774001034e+01
3.561596668620862971e+01
4.014249400100773357e+01
4.416249409602910703e+01
4.863159960659181280e+01
4.523240368058137761e+01
4.209258707877280870e+01
3.794339857443907960e+01
3.326197681707162701e+01
3.177858505405423273e+01
3.208026646914444768e+01
3.254074644364087732e+01
3.253090926858759246e+01
3.230651897742699674e+01
3.211861808353152981e+01
3.256257221953045899e+01
3.301152773847505983e+01
3.303800086509969702e+01
3.320783043647431043e+01
3.350294501358624899e+01
3.399504396198967981e+01
3.460013678457924868e+01
3.493022942519382923e+01
3.460094375378483988e+01
3.457508321043663813e+01
3.431410178461327121e+01
3.437723182258428523e+01
3.417699195756006247e+01
3.385668696597241478e+01
3.376777319724671145e+01
3.383949011549960062e+01
3.386087109238009418e+01
3.334991651776157795e+01
3.234661558722717700e+01
3.196098418792197293e+01
3.181227738218027667e+01
3.194317984064559113e+01
3.313254504332793715e+01
3.599764680068886236e+01
4.057286003260170304e+01
4.479208021689118624e+01
5.031348957157029389e+01
4.590515410767989835e+01
4.289544458160546725e+01
3.916400010723992153e+01
3.421128744556979484e+01
3.162437107243830781e+01
3.186823410163869497e+01
3.225103628406129985e+01
3.233346865893619082e+01
3.254619887228616193e+01
3.275779838714738190e+01
3.322200542215919228e+01
3.330915197780747405e+01
3.314701310746976048e+01
3.362565230615332013e+01
3.418273738408999662e+01
3.465684402508993855e+01
3.526505022311577875e+01
3.573999100955855113e+01
3.563213856375843136e+01
3.529276488981360416e+01
3.474104068417301505e+01
3.456287514754367862e+01
3.463681387029846803e+01
3.489566901886666983e+01
3.484216008977955426e+01
3.460913410073936802e+01
3.446593401450507343e+01
3.376535921605698576e+01
3.249363565469067083e+01
3.207864768807189648e+01
3.175015424572750788e+01
3.181611460913200418e+01
3.327192256441245632e+01
3.679080467522014430e+01
4.129226653629577015e+01
4.565617102527168214e+01
5.241682783281818558e+01
4.704867531608424258e+01
4.360978535368106890e+01
4.035906297216988037e+01
3.540506129392713319e+01
3.170312591604009356e+01
3.156808004426369507e+01
3.201429603122050338e+01
3.240217598278879763e+01
3.301332636401460263e+01
3.394150304008289964e+01
3.526464214552490262e+01
3.569418689035295955e+01
3.593152309383252430e+01
3.703614498421895007e+01
3.794159330384195528e+01
3.824223513214649017e+01
3.858952273049765580e+01
3.897094887976695077e+01
3.929405278220927045e+01
3.912313077155275209e+01
3.842148167239717083e+01
3.781831306026069939e+01
3.761312000119876586e+01
3.763151340248857935e+01
3.731790450024401906e+01
3.677869812837568730e+01
3.595678622182870043e+01
3.443052840674308612e+01
3.299656302813608022e+01
3.227921413970491926e+01
3.174294241298509434e+01
3.197518692475391688e+01
3.375401047971348589e+01
3.758872160011132024e+01
4.219241775827888574e+01
4.681716404635579210e+01
5.374870891415976359e+01
4.805997134073123078e+01
4.419476848006504355e+01
4.123793505098475976e+01
3.659604012062849421e+01
3.218812651681713533e+01
3.134862821987788095e+01
3.172901107882847427e+01
3.251408603024877664e+01
3.391986251223189441e+01
3.513130358364941941e+01
3.684930550296385832e+01
3.798952361095999208e+01
3.891554075473380436e+01
3.981424762771991510e+01
4.063347718553938392e+01
4.153774432436464537e+01
4.216555207440585207e+01
4.237459539528430241e+01
4.242580971413678981e+01
4.230561764057588903e+01
4.197029829058875094e+01
4.164848475185893051e+01
4.086353692156259143e+01
4.011302264960432495e+01
3.908943622912828175e+01
3.771512728536043113e+01
3.632215627008741166e+01
3.502524309363422361e+01
3.362136163796147059e+01
3.253617621065099996e+01
3.177233084540096542e+01
3.218328976333463487e+01
3.458438738217196118e+01
3.871409473945104907e+01
4.299684075767765279e+01
4.777180877370157930e+01
5.504643771761442395e+01
4.941852812171521947e+01
4.479929106829381169e+01
4.204570679007482426e+01
3.781651896251600675e+01
3.321780495013168633e+01
3.145017604155009394e+01
3.160349477343912383e+01
3.267482024198360335e+01
3.458345736848114882e+01
3.621874411620230205e+01
3.802990399249771514e+01
3.922997869474686894e+01
4.031402981635805816e+01
4.113717542752635836e+01
4.195012201933224105e+01
4.288890326424860433e+01
4.380177389221440620e+01
4.422656580157251938e+01
4.438713232823700139e+01
4.389012087961830844e+01
4.323313545904537847e+01
4.214034473600427333e+01
4.113521006426019255e+01
3.997106017332683336e+01
3.891808884872424557e+01
3.792506870411433795e+01
3.656702899875536872e+01
3.490483315507105999e+01
3.404696797454694490e+01
3.272134824697295130e+01
3.204152000617836649e+01
3.269072285049421822e+01
3.570056804033411879e+01
4.009302396435594318e+01
4.403025096136560279e+01
4.897532377835804596e+01
5.670947971767640894e+01
5.143811164421657622e+01
4.610398189717017914e+01
4.279832772901550442e+01
3.904351103391341127e+01
3.460116548635067346e+01
3.190722784963063319e+01
3.173305985047957023e+01
3.261857027823800337e+01
3.454193407387813153e+01
3.619765190560280388e+01
3.729336250591838819e+01
3.792926648243398091e+01
3.945596768362444351e+01
4.071303708507991104e+01
4.097283564109452669e+01
4.131302996916034687e+01
4.157286606217848401e+01
4.173217088947985332e+01
4.166086605422072608e+01
4.129534221072636768e+01
4.082896561241584976e+01
4.047099001644886584e+01
3.953397125604344353e+01
3.793310740144540461e+01
3.719255436419609140e+01
3.695824303265146682e+01
3.595554728194449012e+01
3.465433698776014637e+01
3.367626725565337154e+01
3.248572918902137019e+01
3.235993058694688784e+01
3.349221799703277469e+01
3.693322484367525504e+01
4.146137376018437237e+01
4.559048309092577256e+01
5.033485179285282385e+01
5.814346544876232059e+01
5.395883822477684788e+01
4.774008603900769288e+01
4.367763891272755217e+01
4.027836494037192239e+01
3.631111702859203660e+01
3.281997454041421491e+01
3.199762529092913255e+01
3.235592791510620714e+01
3.334659097188975352e+01
3.396967933499555414e+01
3.458174497304374739e+01
3.500886984261914137e+01
3.582846224611323294e+01
3.693955851608241403e+01
3.757679446944045054e+01
3.773586876558544390e+01
3.768852502889215828e+01
3.743138035177655354e+01
3.746953800890035780e+01
3.707236906486011918e+01
3.661273092191749612e+01
3.629316903673309014e+01
3.594054354107068150e+01
3.539381015934245767e+01
3.497295412343278542e+01
3.484977542833108544e+01
3.433423692325924748e+01
3.345417660187887066e+01
3.270898627283992965e+01
3.219788577452827383e+01
3.284325885066267148e+01
3.445836804870198478e+01
3.848015612065368174e+01
4.317240742799192077e+01
4.740300171623208314e+01
5.148246511796745750e+01
5.917942362259330480e+01
5.562029524057408025e+01
4.990146087761189619e+01
4.511803920671844992e+01
4.178692499450589537e+01
3.799053828053288839e+01
3.436069619169456502e+01
3.281759204088810122e+01
3.236998548093209394e+01
3.222405154551229600e+01
3.207961855924341421e+01
3.245019894340281752e+01
3.316354034222825931e+01
3.375080752848938914e+01
3.385389376769921199e+01
3.388296532580750409e+01
3.413756402847635485e+01
3.431063638806790550e+01
3.442973663600898959e+01
3.446257602907751050e+01
3.418079615432802143e+01
3.381476131385299766e+01
3.364111475365263715e+01
3.346322797997621024e+01
3.329132877051597461e+01
3.335260276082651387e+01
3.334515825578723280e+01
3.296540078325315193e+01
3.245721746551308939e+01
3.214811105682755965e+01
3.197177764684370871e+01
3.294475442203001592e+01
3.562632497048507219e+01
4.033094447810536565e+01
4.509753826110837593e+01
4.861936909370604809e+01
5.273285528652543519e+01
6.064708392866815956e+01
5.713120180177320151e+01
5.240596111147499414e+01
4.713841278818981806e+01
4.305823882907264277e+01
3.977677158997755669e+01
3.616014231646224886e+01
3.423153415457228022e+01
3.282733739646568694e+01
3.187620025637213317e+01
3.163814823179813018e+01
3.190693249597945780e+01
3.250622959867198603e+01
3.321252845352269389e+01
3.335723805433010369e+01
3.293795554599323339e+01
3.337431145303010283e+01
3.353272684786563218e+01
3.369740843394251328e+01
3.393909806331725321e+01
3.379589350379796997e+01
3.328301398363905861e+01
3.273668836003296434e+01
3.246598457089879730e+01
3.202012974912830856e+01
3.239236198794841926e+01
3.268285555817762145e+01
3.253044220348994031e+01
3.232136634256807639e+01
3.239119408006449419e+01
3.243711123309165600e+01
3.374751833513196431e+01
3.735997058677504867e+01
4.221411905977848278e+01
4.716903346173025824e+01
5.032921608775946254e+01
5.432658139502762396e+01
6.168871702860074180e+01
5.880030902686668526e+01
5.468383150056246222e+01
4.940708305645866005e+01
4.440288044183695604e+01
4.135421403258361295e+01
3.777410174311597046e+01
3.533757344260240529e+01
3.365873013430706351e+01
3.239778105917321227e+01
3.195090844640497352e+01
3.225789032511337240e+01
3.284775323797681068e+01
3.329381977813483218e+01
3.354418587321287504e+01
3.373713878626863050e+01
3.428534695316731273e+01
3.442528885949505479e+01
3.433266310842153501e+01
3.395122530862138177e+01
3.330233263610857364e+01
3.295554402219727308e+01
3.284644684630327305e+01
3.256706238609024240e+01
3.226288864892627117e+01
3.263118887762681197e+01
3.281691739030262767e+01
3.284097332787091972e+01
3.296470982294248842e+01
3.294813920746223346e+01
3.333234791921025675e+01
3.552210545768518557e+01
3.969243378911075126e+01
4.463744530047930681e+01
4.919817859688903638e+01
5.266630373636741069e+01
5.616647342721396541e+01
6.251100598047737122e+01
6.033565285011871993e+01
5.683604120092252998e+01
5.201422723819873539e+01
4.707303345648011117e+01
4.355050538441489749e+01
3.983300049203311488e+01
3.681883129684158007e+01
3.509300236873870915e+01
3.347385651683838859e+01
3.274437544399427935e+01
3.279732678733907392e+01
3.324462847970509216e+01
3.377424307384143987e+01
3.393148850790668547e+01
3.407568576644365521e+01
3.406947724953020185e+01
3.427878239147764816e+01
3.400193466661621500e+01
3.356540871770916823e+01
3.314858175950649155e+01
3.294767580102882931e+01
3.253520767101626632e+01
3.224935178929117541e+01
3.226291682489645751e+01
3.269650982425934416e+01
3.309168328764746292e+01
3.336806069787434836e+01
3.352206052496982380e+01
3.376829486940739855e+01
3.490782186827144074e+01
3.805185635351477202e+01
4.243213690318306419e+01
4.757602112788273985e+01
5.185584063623232964e+01
5.534750963313248917e+01
5.880652645066007267e+01
6.313085131761668123e+01
6.151535401114311696e+01
5.857744501314055441e+01
5.487261892063700941e+01
5.019799768840838539e+01
4.630250366343371837e+01
4.221337628205351677e+01
3.913734709904769460e+01
3.680856271731665430e+01
3.517478609993037253e+01
3.353257795281061249e+01
3.295809211991628018e+01
3.306120824755363685e+01
3.339905849222922285e+01
3.327269160464857123e+01
3.278044224428571596e+01
3.262526929695413003e+01
3.275672478570710666e+01
3.278525188151788683e+01
3.257281430808608036e+01
3.222173240744120193e+01
3.200509065623764826e+01
3.172326199780961176e+01
3.174780565459292703e+01
3.210506085911822538e+01
3.256168459598756471e+01
3.339484810116165647e+01
3.409295307895082061e+01
3.445117396661446207e+01
3.494769676838289740e+01
3.729145846037434353e+01
4.097960277286896513e+01
4.546479895687591011e+01
5.049994452853163551e+01
5.505142789448082397e+01
5.856073594038099372e+01
6.225204499737011332e+01
6.455718535742592223e+01
6.273871326282007033e+01
6.097169254284354167e+01
5.773126075822253256e+01
5.361748962428042375e+01
4.993712979271514030e+01
4.537428581759384372e+01
4.191161800751718403e+01
3.904434693501291065e+01
3.697255799521004604e+01
3.489941518414722310e+01
3.387656190183422922e+01
3.333766637895210749e+01
3.305494242041327624e+01
3.258271097649429748e+01
3.201095400172238215e+01
3.145769008255803101e+01
3.094784891196457011e+01
3.079784550727155334e+01
3.071800252772648321e+01
3.073821508411701586e+01
3.086603163982660192e+01
3.062675980361444772e+01
3.075557232492457516e+01
3.154317487525531405e+01
3.256617081115939527e+01
3.380419212654494032e+01
3.512579870000698889e+01
3.571825963632608847e+01
3.667133249820705032e+01
3.987698334158346114e+01
4.430773619282278730e+01
4.912983181293012791e+01
5.408972034535464246e+01
5.859548606458525910e+01
6.258395436431983683e+01
6.577725256882041549e+01
6.639490719239967120e+01
6.497901129468355919e+01
6.368114209361519329e+01
6.117075831594399205e+01
5.749239205560520105e+01
5.399330326230932542e+01
4.960489962831791644e+01
4.543654741110350415e+01
4.137714757872193871e+01
3.903650297679424597e+01
3.638130170867738400e+01
3.533345864689528071e+01
3.450053018518354975e+01
3.366381407449508600e+01
3.275389971975297954e+01
3.166607974648425383e+01
3.074151934250610196e+01
2.986864585307408504e+01
2.963541140547185293e+01
2.981033684363148950e+01
3.021800239372035790e+01
3.060318343917321116e+01
3.077317605342430085e+01
3.107966955883103211e+01
3.207538140946310534e+01
3.366912857622568822e+01
3.488386554788971239e+01
3.613898734014234293e+01
3.725371447808142733e+01
3.941011338093139926e+01
4.322165910142029333e+01
4.800244006649061390e+01
5.351481996771521921e+01
5.821640456539472552e+01
6.309027485186451401e+01
6.690487636431694796e+01
6.915255368406866410e+01
6.735361254178860690e+01
6.725973052479685066e+01
6.670696819293148394e+01
6.533123331345075258e+01
6.212361173365172107e+01
5.813140984308943615e+01
5.416282207197493648e+01
4.999001137113394577e+01
4.549074866405837980e+01
4.183547961707066065e+01
3.893287437363660075e+01
3.708511200677858000e+01
3.629632157914078761e+01
3.548862082239880067e+01
3.425375094200514781e+01
3.306463893998630255e+01
3.208826152916300600e+01
3.139649080898482580e+01
3.138365573697684852e+01
3.150164074457881824e+01
3.174314726225430405e+01
3.207523405508136705e+01
3.231341195754951912e+01
3.300668835632252751e+01
3.432348640502255677e+01
3.559748167554357678e+01
3.623634070230037452e+01
3.712683108567421897e+01
3.911515135269416987e+01
4.261598620448990715e+01
4.669152810671439369e+01
5.232070904956061241e+01
5.858731940116572190e+01
6.309986568493842896e+01
6.822644518443395611e+01
7.087900460006569858e+01
7.266627193839791232e+01
6.788944217635823009e+01
6.857548877227858952e+01
6.931961499981527197e+01
6.930606674776976206e+01
6.681678549302317549e+01
6.306274819607038751e+01
5.913124936586211078e+01
5.509330628297116306e+01
5.022798381807029244e+01
4.610456105485339151e+01
4.206132573665146168e+01
3.897416883414602040e+01
3.765462011194793490e+01
3.674971957280644119e+01
3.587387601025609740e+01
3.493058353465932697e+01
3.429149976100990216e+01
3.416102033761472967e+01
3.426219179189343578e+01
3.434792347386784428e+01
3.446225049068951307e+01
3.479826458317866411e+01
3.493841260376038349e+01
3.531457094125699570e+01
3.602459111328100505e+01
3.664464965623116655e+01
3.704919658606301880e+01
3.878032835257078403e+01
4.142973927984351690e+01
4.607610470276432579e+01
5.086684940408804323e+01
5.762076928977280943e+01
6.364157266910255117e+01
6.805564385295227225e+01
7.211896704808025049e+01
7.391110338246983247e+01
7.516752937826159098e+01
6.746502770109600533e+01
6.946202729826853783e+01
7.134397442699844305e+01
7.249194907153474787e+01
7.115119462903348335e+01
6.818553522460608463e+01
6.462178890175856338e+01
6.094962469633694724e+01
5.530951123490518029e+01
5.112918814827003899e+01
4.618223054371933500e+01
4.133351106773665862e+01
3.859785816177541307e+01
3.729655097589218826e+01
3.650078352123026093e+01
3.590453634204460798e+01
3.592244294145328354e+01
3.610130983085815615e+01
3.619574496996874302e+01
3.634462525562871349e+01
3.651786836268834691e+01
3.637606448035666773e+01
3.662225145049166031e+01
3.669961216146878513e+01
3.661905824027561351e+01
3.703181303245428779e+01
3.838076541140102904e+01
4.150787192449212881e+01
4.524535249114757818e+01
5.102716102110718310e+01
5.671613260786053701e+01
6.386412278830646017e+01
6.839842211746764633e+01
7.203030079829946430e+01
7.501262157506599237e+01
7.604909869909437248e+01
7.716617380313977037e+01
6.718997989937113857e+01
6.964208949380987690e+01
7.210667396505434112e+01
7.466371252062819508e+01
7.448031305497013932e+01
7.279154397427258516e+01
7.006428058585619567e+01
6.700158930353732956e+01
6.095607534360883051e+01
5.614670849749666814e+01
5.072071512587306330e+01
4.472003082106049732e+01
4.092688624671621511e+01
3.831373986229175443e+01
3.730481142774942072e+01
3.651008376721297566e+01
3.609583595276167500e+01
3.624772202026148449e+01
3.663495961375572563e+01
3.680240340304665381e+01
3.687448378993352804e+01
3.649248427995106425e+01
3.657229414259400357e+01
3.644122630804288576e+01
3.620906918139621666e+01
3.783319671397558182e+01
4.122452801448128668e+01
4.564518998446735765e+01
5.061950587430253279e+01
5.704635362824510736e+01
6.289139645773357046e+01
6.913274852595998254e+01
7.223002757545468455e+01
7.497621672262955883e+01
7.726032323642728272e+01
7.770257098550122521e+01
7.846423893186771181e+01
