4.390071632201746752e+02
2.895094656300518068e+02
1.360144553786570611e+02
9.800850485517044319e+01
6.322223392999553226e+01
5.233340868625587916e+01
3.945593347881490587e+01
3.320123184531425409e+01
3.120213478333277735e+01
2.947045569306649426e+01
2.517248608751583916e+01
2.428704521239703595e+01
2.237564803913124223e+01
1.962269744247530312e+01
1.861854034267346591e+01
1.764728787861747961e+01
1.660165576238427576e+01
1.436630432583847039e+01
1.287465428914007504e+01
1.205970804516470096e+01
1.171225571679326904e+01
1.075334504148786863e+01
1.009160789794980317e+01
9.864060034165053281e+00
9.331934112192284303e+00
8.768626797433222819e+00
8.391725130079800365e+00
8.022866987307253339e+00
7.479118699012873961e+00
7.027721046450018605e+00
6.721631867525665882e+00
6.575616580112465748e+00
6.350483488765888751e+00
6.215652866417364919e+00
5.988518779608732245e+00
5.753670464277415242e+00
5.645368255417732684e+00
5.418383338359023860e+00
5.144546146145240861e+00
5.054386636333327409e+00
4.913546881949707235e+00
4.778098584125088699e+00
4.632124552771200499e+00
4.530046184024163480e+00
4.366136501046316454e+00
4.333538077461138727e+00
4.215496077379697226e+00
4.142592840782366892e+00
4.084898958115637413e+00
3.949465786259687583e+00
3.873003502217436722e+00
3.578235554762795978e+00
3.558343775637445638e+00
3.524144533040291183e+00
3.441531204220483531e+00
3.375347712261583588e+00
3.347911814984320777e+00
3.222917200468633947e+00
3.182363365810968681e+00
3.148089402553660765e+00
3.008906528873095176e+00
2.869214690229556997e+00
2.842789557746298712e+00
2.810528049957210062e+00
2.753930675940237105e+00
2.732113658683950064e+00
2.669882600107614135e+00
2.595315942518525709e+00
2.538146375948840294e+00
2.508982620810981778e+00
2.485531140577191600e+00
2.471600649278948403e+00
2.416100854332910775e+00
2.364793350686602569e+00
2.333811174843011482e+00
2.276179424371685744e+00
2.245050194397611332e+00
2.208523194498765996e+00
2.192328295245221881e+00
2.081474711261898758e+00
2.067325235735351097e+00
2.035550366367740338e+00
2.010160601634107813e+00
1.963784861155285721e+00
1.918637625010425340e+00
1.902885261593917798e+00
1.877698787293911709e+00
1.818982282555297481e+00
1.798062100622873638e+00
1.768948975803455559e+00
1.756072730563823736e+00
1.726893647454101233e+00
1.685080114207949009e+00
1.669603298775879097e+00
1.631942064018507832e+00
1.576364916188532694e+00
1.568777083024562202e+00
1.558934172262805395e+00
1.548505722681159158e+00
1.523079546086962832e+00
1.505749619003520889e+00
1.465472698735715618e+00
1.470849884581625799e+00
1.436359650614605465e+00
1.395409144920633615e+00
1.360055414705407806e+00
1.340898713799175912e+00
1.333974122274840912e+00
1.308810558409316593e+00
1.294347628733016675e+00
1.274521993601457126e+00
1.236275079836626878e+00
1.233696176414215140e+00
1.206872973949771222e+00
1.210003267574782271e+00
1.181999171023530026e+00
1.166513546389058353e+00
1.154289445568346784e+00
1.148176192261072481e+00
1.130396528930960320e+00
1.105504896647020230e+00
1.085178353698218245e+00
1.079695353800614432e+00
1.069842775915484712e+00
1.056315203560290961e+00
1.031707395687932571e+00
1.007004460538780455e+00
1.012471037583188238e+00
9.840444079002350630e-01
9.918321832042492625e-01
9.930678567888305830e-01
9.600275790948821220e-01
9.512720607007618678e-01
9.453013526123422716e-01
9.342696002123781485e-01
9.157851314856919611e-01
8.934060400376858668e-01
8.974804020981131947e-01
8.877389783629399123e-01
8.443710874124555898e-01
8.590984449575718163e-01
8.656225922412771334e-01
8.672564946391230212e-01
8.295162152842425751e-01
8.167283884638147917e-01
7.984833131870147094e-01
7.888729366455379255e-01
7.810318008838611492e-01
7.707750805634234759e-01
7.666122615229017390e-01
7.545635237482433144e-01
7.465608104057730454e-01
7.413191710174954485e-01
7.375585109391971095e-01
7.246763142902973298e-01
7.207631066816557741e-01
7.110102467076628852e-01
6.985560241776619383e-01
6.953615646235566938e-01
6.918885684388149659e-01
6.818675520648646016e-01
6.543499866012154609e-01
6.605470530868623458e-01
6.719015516867204996e-01
6.692253073282331544e-01
6.390649129429537556e-01
6.334451488781733808e-01
6.305959245025523074e-01
6.245473728618711196e-01
6.186456403128850479e-01
6.145795133307393465e-01
6.088314230539217942e-01
5.898869577141261367e-01
5.936431145902807405e-01
5.978567544286086388e-01
5.822824969356172886e-01
5.889316611022283876e-01
5.695749617569602075e-01
5.614917519457405248e-01
5.564000666878927692e-01
5.490451546872616717e-01
5.454859519069521490e-01
5.322049139317041044e-01
5.394609925830772257e-01
5.360963692421052418e-01
5.280297745681479249e-01
5.162604669853361194e-01
5.174389482829063747e-01
5.052845264005894066e-01
5.003763135019475561e-01
4.956644558401479550e-01
4.902036766932558742e-01
4.880768782493653535e-01
4.834348825044738618e-01
4.776767949795908685e-01
4.771003695408694845e-01
4.715299280741792054e-01
4.586584425364035322e-01
4.655499766676339801e-01
4.638557375954615591e-01
4.542701945385437257e-01
4.447992863848331258e-01
4.424116559090839895e-01
4.377890288388381901e-01
4.311309426045719095e-01
4.314055412415695456e-01
4.235466471516087794e-01
4.224583694317059490e-01
4.146404758405181079e-01
4.115293494887675707e-01
4.084556490850120847e-01
4.052301967290753426e-01
3.953044749958014026e-01
3.975120089765650788e-01
3.994214443085524757e-01
3.917596159543656475e-01
3.852642671692005361e-01
3.814428628176924074e-01
3.775600063352376190e-01
3.733668618517613225e-01
3.716422483006687760e-01
3.698522322735940948e-01
3.591859397724487812e-01
3.641463526309489107e-01
3.657930628027724618e-01
3.553651877075140741e-01
3.516859182300181019e-01
3.504759970931284330e-01
3.472773246229240995e-01
3.450585497697497561e-01
3.393744724673736779e-01
3.366017767276007766e-01
3.337222361544490146e-01
3.309697580444332932e-01
3.282035309615489171e-01
3.241133268782087073e-01
3.256841725112888386e-01
3.216588442523920510e-01
3.193896142949282924e-01
3.084080623098273688e-01
3.102588648780160718e-01
3.135118575325686052e-01
3.143943376451648342e-01
3.138593308514856517e-01
3.001236709547172032e-01
2.996930486844573971e-01
2.960680484836357707e-01
2.909662973230685568e-01
2.922193388998283181e-01
2.837152601176194389e-01
2.800991446314641808e-01
2.873061008224684354e-01
2.932525440119321258e-01
2.840511012018318571e-01
2.777245330691356928e-01
2.727070524883785096e-01
2.741042499926605869e-01
2.701834239450837116e-01
2.754255818330601513e-01
2.653688362354961749e-01
2.631958155304698344e-01
2.626218502803774335e-01
2.600833467181285497e-01
2.583220548238742698e-01
2.567983938812622435e-01
2.531574957998044551e-01
2.509224583120609475e-01
2.485079529068381365e-01
2.478666228806156446e-01
2.416664452923027728e-01
2.437658394210032164e-01
2.446557706488984019e-01
2.382692010202135946e-01
2.367775141530622796e-01
2.339853917642404635e-01
2.322011673745331684e-01
2.306482905612186607e-01
2.290780708323093551e-01
2.258539967550007022e-01
2.242107201897990121e-01
2.225272053297227826e-01
2.185840725415927610e-01
2.210048075677097656e-01
2.201186630706452596e-01
2.142319941486382495e-01
2.123818602657973342e-01
2.116685402010680117e-01
2.100965228931047923e-01
2.103842757363040550e-01
2.081586313113759634e-01
2.061341122261310388e-01
2.056371232064399535e-01
2.040602165866387541e-01
2.032747713236994769e-01
2.009177448668925392e-01
1.971971241209534431e-01
1.975185357043115486e-01
1.966421105852968476e-01
1.948363624585362219e-01
1.931882435871917492e-01
1.898212148552317347e-01
1.889248472151505709e-01
1.873262842017506258e-01
1.849343660157777292e-01
1.841698325324652719e-01
1.861796596401346926e-01
1.817665339855761286e-01
1.799935557702309064e-01
1.793041084372363203e-01
1.780112483704119342e-01
1.766988461593684834e-01
1.757553236004508468e-01
1.584578826201500368e-01
1.726123752834751446e-01
1.743629549317656513e-01
1.689846681059426758e-01
1.663445313843656126e-01
1.595620537703737185e-01
1.626235963581538491e-01
1.735870326598568658e-01
1.709956682854838483e-01
1.611352841975751127e-01
1.660149724931215265e-01
1.629221166605475946e-01
1.713052279274462908e-01
1.580436760525572304e-01
1.559033150665183332e-01
1.555761688793576847e-01
1.546157072080698580e-01
1.473419932681975242e-01
1.498974309334064059e-01
1.520719491373420384e-01
1.519746073373279827e-01
1.510212331754467452e-01
1.469968235137963930e-01
1.467956214458142616e-01
1.449073799783423822e-01
1.431575473717885127e-01
1.415055743202890959e-01
1.418194597211873131e-01
1.402082287362988455e-01
1.386514737211050619e-01
1.385627522966682013e-01
1.364481959232974329e-01
1.371300830512403313e-01
1.353260903414165994e-01
1.346354882016587429e-01
1.331387938668544824e-01
1.321971515593770297e-01
1.323234061073019219e-01
1.288441910507943100e-01
1.305172217612299845e-01
1.303133365842014113e-01
1.281096567072533832e-01
1.272280661459241624e-01
1.263340132480735845e-01
1.255272242665495530e-01
1.248150396934425421e-01
1.242273654162755064e-01
1.231920785277303421e-01
1.223095136422611834e-01
1.211071633009590670e-01
1.203398994818267453e-01
1.183498364169717071e-01
1.183926390219233044e-01
1.175329850870587833e-01
1.174534974599771991e-01
1.162355171844817597e-01
1.160745843119491832e-01
1.148067150110285567e-01
1.018154879161682763e-01
1.025543303826523672e-01
1.139750501007533029e-01
1.137944536387983513e-01
1.129604320934714246e-01
1.047090176452849242e-01
1.036696184995122283e-01
1.120217055479942186e-01
1.086125161795308269e-01
1.100338430650418808e-01
1.092129598969818344e-01
1.070299482629693960e-01
1.064973829804297112e-01
1.110202201146120726e-01
1.021667521275848034e-01
1.115415930545052697e-01
1.059159274829781366e-01
1.057986655357539413e-01
1.011564650624793421e-01
1.000516975205692494e-01
9.920851598144803107e-02
9.999241703641516266e-02
9.845013075451040929e-02
9.769489541799376842e-02
9.730861781327382332e-02
9.629843812927856017e-02
9.482211896310376031e-02
9.529300740003375514e-02
9.520965046960686018e-02
9.385693506952658138e-02
9.412864978664182980e-02
9.328546730668782483e-02
9.174353350746779212e-02
9.132313944007998396e-02
9.034205245602741630e-02
8.919430062670444248e-02
8.896222808519894942e-02
8.818087333813519335e-02
8.732132477378556912e-02
8.785987718147950098e-02
8.653208022379425823e-02
8.673748548233371769e-02
8.581725558189998160e-02
8.275056710257987225e-02
8.506430379304753819e-02
8.377909427960748834e-02
8.407349784457283925e-02
8.484381724563137828e-02
8.171058439437661747e-02
8.233915959419542407e-02
8.096862116592394576e-02
8.221173597929293253e-02
7.030225991950485309e-02
8.044944858605010407e-02
7.063377070778624478e-02
7.138834447395640825e-02
7.789653535264633166e-02
7.828271201582716332e-02
7.982352059171936298e-02
7.969061168385196958e-02
7.707866578287321524e-02
7.267040293307702736e-02
7.221607583104158734e-02
7.454663739948824697e-02
7.211715294071448235e-02
7.404673252281074314e-02
7.555327473291928442e-02
7.668920790886031569e-02
7.340401939209088844e-02
7.940323368458407360e-02
7.391556515683027351e-02
7.588403745675958989e-02
7.649085246944929695e-02
7.597727553477308382e-02
7.039427389674222935e-02
6.952749844975805726e-02
6.906849647923268831e-02
6.866283125439733015e-02
6.815124463092080143e-02
6.809360557667787361e-02
6.646735274367805701e-02
6.719075995317540240e-02
6.703864998499332872e-02
6.609174595277243769e-02
6.522101600713220426e-02
6.511415244422701087e-02
6.459334482895014162e-02
6.318138045144394699e-02
6.350209508441978512e-02
6.420395026073656697e-02
6.411095399479015133e-02
6.262739618256507601e-02
6.275394180228871521e-02
6.204704509599420076e-02
6.148648954853151022e-02
6.088004618068736107e-02
6.040312333438508513e-02
6.008418572325598117e-02
5.970398530000940729e-02
5.199546178250499112e-02
5.218361667284321381e-02
5.907016507968269187e-02
5.955506674499838615e-02
5.851132032398167343e-02
5.944406357630507842e-02
5.822333389503590861e-02
5.269899005596392905e-02
5.325649058300120642e-02
5.780454881851958965e-02
5.754413164675516168e-02
5.362914310592193506e-02
5.627847209943111217e-02
5.696352887696867762e-02
5.715736998219758669e-02
5.562375337860157171e-02
5.466119618730166940e-02
5.410458102236837680e-02
5.420091363737331025e-02
5.531615434304012341e-02
5.342675790380913697e-02
5.453803540993505672e-02
5.677001986396114364e-02
5.574735684846187506e-02
5.176036558700407991e-02
5.134378555167070507e-02
5.085606057406631686e-02
5.132563229132339200e-02
5.041174715734723921e-02
4.993338192801657915e-02
4.927920236212853661e-02
4.959273578131438015e-02
4.982939348322783235e-02
4.884635917050242360e-02
4.895956266940855450e-02
4.846164145237758653e-02
4.828154705588497825e-02
4.818637799103926006e-02
4.748528894765613462e-02
4.737131634653190398e-02
4.712174843446376854e-02
4.678732853016120963e-02
4.658959135884803426e-02
4.626619250555902979e-02
3.995514943145467290e-02
4.034059089081522970e-02
4.050138879775834477e-02
4.590568014708162198e-02
4.408510545134703557e-02
4.451735972139556075e-02
4.483548728478258666e-02
4.511297185020757966e-02
4.544151718183578326e-02
4.082049794139347432e-02
4.354304168392348490e-02
4.322603098641235320e-02
4.167030293660704821e-02
4.193971114196357042e-02
4.114490323042616776e-02
4.231658111615106688e-02
4.245477288827309570e-02
4.119470185266659035e-02
4.577935722468911423e-02
4.538949907766012815e-02
4.284337602142340717e-02
4.178886862086336057e-02
4.294127594388774671e-02
4.339866669170803354e-02
3.959767459784324650e-02
3.974054117180286783e-02
3.928427508887361030e-02
3.922165936140612624e-02
3.834508621004822232e-02
3.896316746041358220e-02
3.876619749890248406e-02
3.858161386458784647e-02
3.775349397640716254e-02
3.768722745036971744e-02
3.741382987576325619e-02
3.703119333519229450e-02
3.714553196826438086e-02
3.664283820611942410e-02
3.652596877198678593e-02
3.636757644996649330e-02
3.192602521038540031e-02
3.195442455482128824e-02
3.219596423657940937e-02
3.598915354717731330e-02
3.572570130301357116e-02
3.231752952903547971e-02
3.593946949580879846e-02
3.543366145166328141e-02
3.251871290071656900e-02
3.514514381006374200e-02
3.460704810138436061e-02
3.420082237993689322e-02
3.500609713488274377e-02
3.277974651017601104e-02
3.401949539682217610e-02
3.370232430879558511e-02
3.329714400043810169e-02
3.312299060095428432e-02
3.509945940520065727e-02
3.304891462455089579e-02
3.342914554629205365e-02
3.473343209645542162e-02
3.383637537643603699e-02
3.165627286337097807e-02
3.172837057444213849e-02
3.146303385560950128e-02
3.129466117088406524e-02
3.110834061108624926e-02
3.084778395131792042e-02
3.040710007926865355e-02
3.071829306657334474e-02
3.063709334217275260e-02
3.053537754710391669e-02
3.004455075863021046e-02
2.987119912011625134e-02
2.607868427966602426e-02
2.937261935477976718e-02
2.927484106121579222e-02
2.916545551279978513e-02
2.621273958454753070e-02
2.626391737729341300e-02
2.973050437776801613e-02
2.653353029308578789e-02
2.960038366320076261e-02
2.823238574170306575e-02
2.810132996858864113e-02
2.798306805648084067e-02
2.674313969968106913e-02
2.687059245542152558e-02
2.708531827180140836e-02
2.854779124990620282e-02
2.635528420986376144e-02
2.755042271019548031e-02
2.730112980660133470e-02
2.761397824636220230e-02
2.856612852894014828e-02
2.957230660473826947e-02
2.860165277795713445e-02
2.743686829680417119e-02
2.681151926595213772e-02
2.599347567805816023e-02
2.581148405601041765e-02
2.563811629817515023e-02
2.537482778348505372e-02
2.129677195732793821e-02
2.524026568614606836e-02
2.512513330430465874e-02
2.503849548509105502e-02
2.142566173370282975e-02
2.153811558411255003e-02
2.473689402682514860e-02
2.464760846887421863e-02
2.181478662169045526e-02
2.371008208392381619e-02
2.341110165576717680e-02
2.458429399447016259e-02
2.387916097612906990e-02
2.431511185431474778e-02
2.426455575906777754e-02
2.185897927097208912e-02
2.330874189157007906e-02
2.238327338288101029e-02
2.258238883928781124e-02
2.225291306683779488e-02
2.320230643713135782e-02
2.273384954815368258e-02
2.281088710754231030e-02
2.400585421921643675e-02
2.406502932527391364e-02
2.451276658770498718e-02
2.197721516537912839e-02
2.204065510861803051e-02
2.209604687063456557e-02
2.296629928541299437e-02
2.302426085395419333e-02
2.108747317356199011e-02
2.122405566187962264e-02
2.088029355099820655e-02
2.068505242527885965e-02
2.059333708147222108e-02
2.048649967323060150e-02
2.029954285053247459e-02
2.025538769826927890e-02
2.012891045614553787e-02
1.999570379028331110e-02
1.737333353716008846e-02
2.011138193871968641e-02
1.918123619841714811e-02
1.922597482305847191e-02
1.936364950639075933e-02
1.991959354066609109e-02
1.959609108164212660e-02
1.982089227044877416e-02
1.963596855775966502e-02
1.887678837132760953e-02
1.878067747421260231e-02
1.750355657476912463e-02
1.873809325982133886e-02
1.971488395241382391e-02
1.818934708525949198e-02
1.829403302765834904e-02
1.760743156906183562e-02
1.759817841385702061e-02
1.795940224105101179e-02
1.850286011612466489e-02
1.805429770129677106e-02
1.775640076694396524e-02
1.785754628365934099e-02
1.845062298345798504e-02
1.847156277956341075e-02
1.786210914201529290e-02
1.733630279417601450e-02
1.711963504577317455e-02
1.707530926824456230e-02
1.699174359925856997e-02
1.683609468142647711e-02
1.667909711521364802e-02
1.680058272480763198e-02
1.652602533060034198e-02
1.657063826990424343e-02
1.649907356689321591e-02
1.631832484742364378e-02
1.617007358771158088e-02
1.610443119100427381e-02
1.607611382597112781e-02
1.586997807378687578e-02
1.596594887108918406e-02
1.579863274145906424e-02
1.563984426540244305e-02
1.559119590566796117e-02
1.399715110518355218e-02
1.581301129571660580e-02
1.549695915946939888e-02
1.411969674697638281e-02
1.421895917110839631e-02
1.511113767253963701e-02
1.415495963059252085e-02
1.521537536825182980e-02
1.447938283510046345e-02
1.457900389436843185e-02
1.534645931615790694e-02
1.474595727975165117e-02
1.494113916165080644e-02
1.536453447916064606e-02
1.429471085731252346e-02
1.465319993010309046e-02
1.485670427250443230e-02
1.444715393630989671e-02
1.480119301252024420e-02
1.491773057847278240e-02
1.387805780894568047e-02
1.393745615517183976e-02
1.375690990629653380e-02
1.378186946778915331e-02
1.366648179474317694e-02
1.360337081479422693e-02
1.350264227628745345e-02
1.345995700831722347e-02
1.321066450206113616e-02
1.332426094949679118e-02
1.330036691732623677e-02
1.304521183734472234e-02
1.298452423664979601e-02
1.293742678666143057e-02
1.287975630688347785e-02
1.272197619950491201e-02
1.277657771760841270e-02
1.282552687559667878e-02
1.256901292952934332e-02
1.253405628333251545e-02
1.242683711045801387e-02
1.235217068950460358e-02
1.239623214616891560e-02
1.225698201355400474e-02
1.218131423206694763e-02
1.207759204955130561e-02
1.201926389041660555e-02
1.200539021573816811e-02
1.183624894158984489e-02
1.175025289610452835e-02
1.169432761444659172e-02
1.162141346925989541e-02
1.170811283791682415e-02
1.153468217853975512e-02
1.146885893302735000e-02
1.158280764814311435e-02
1.141987102717091813e-02
1.126747704596266740e-02
1.132537908865034054e-02
1.129158854912974859e-02
1.112819800996999071e-02
1.104174202392115348e-02
1.102392658805996864e-02
1.089685288151378759e-02
1.079591957957315787e-02
1.072051764734065216e-02
1.090408589077699816e-02
1.060792876580163129e-02
1.065424473819213264e-02
1.053726176071984391e-02
1.055269666021284129e-02
1.038993301666812745e-02
1.041568927452180687e-02
1.028089209776254613e-02
1.023968823863665237e-02
1.016800169982160461e-02
1.013606957859653282e-02
1.007406191086094097e-02
1.003207859879045281e-02
9.976824328671907854e-03
9.776271923314566736e-03
9.915737048948733076e-03
9.873736828418746073e-03
9.852773229017073101e-03
9.697887525370275583e-03
7.305832513669429859e-03
9.655806905459656322e-03
7.339397578479444142e-03
7.392526287977541077e-03
9.513376572705933495e-03
9.479304219615606111e-03
9.469948486798463252e-03
7.402012905959064193e-03
7.428947558787624660e-03
7.467385936501294910e-03
9.386872290408495093e-03
9.331660530633065567e-03
9.368345495330289083e-03
7.521314703455909273e-03
7.556503088365290784e-03
7.648244349302049314e-03
9.162199160674851239e-03
9.222942110251989428e-03
9.271548064416304871e-03
9.107844726699506482e-03
9.080880668584024457e-03
9.033374123106679629e-03
7.666550107251510031e-03
7.724338149450030340e-03
7.755291857617713051e-03
9.014573793670573390e-03
7.831496184366142435e-03
8.944365346050957982e-03
8.864946476437532072e-03
7.878671865768304555e-03
7.918563818275312083e-03
7.966423570643215227e-03
8.773254155895224976e-03
8.030666828329409077e-03
8.135821663263511500e-03
8.720504175599668936e-03
8.661721994771897498e-03
8.642246478423274217e-03
8.801223676366199539e-03
8.324211478997733601e-03
8.079490133361238655e-03
8.199343814270098826e-03
8.402499325719894538e-03
8.600154501527925571e-03
8.438236157809284738e-03
8.467954482234705052e-03
8.537958637000225143e-03
8.260676914561233819e-03
8.271534180167312150e-03
8.269044179664241517e-03
6.827280939224722109e-03
6.846283583106106685e-03
6.902050621901011443e-03
6.917004867283307705e-03
6.973151614615522888e-03
7.028375194848095892e-03
7.048112630857079723e-03
7.113679785174104042e-03
7.080742271238517870e-03
7.225657790003469673e-03
7.200829142545895831e-03
7.177574719610895979e-03
6.969562319741647548e-03
6.299649794961024139e-03
6.314824981336862597e-03
6.390825101225402344e-03
6.422248463919363187e-03
6.456693151937423041e-03
6.486838870567506084e-03
6.547814371925092178e-03
6.591982651377796022e-03
6.619327507147043481e-03
6.570873617312910503e-03
6.688353463723506823e-03
6.774492120961135219e-03
6.744524645006603689e-03
6.730544188897639481e-03
5.625163278041387521e-03
5.677855214894934194e-03
5.708040407111744652e-03
6.219637429732052976e-03
6.187774204525203249e-03
5.741616360848595529e-03
5.828450193000154697e-03
5.876415678741505992e-03
6.114653919911645398e-03
5.796944077912864583e-03
5.759366483655522888e-03
5.995857704640990792e-03
6.079003217682924128e-03
6.030919507043874805e-03
5.942712685523815833e-03
5.777309450775426104e-03
6.058397557474344552e-03
5.959955111394968190e-03
6.150413912059297418e-03
4.843387935329832895e-03
5.615982384493960373e-03
5.555362150922111067e-03
5.537770588157486275e-03
5.486307369421631469e-03
5.448919845700819255e-03
4.935208031422208541e-03
5.419632445251363305e-03
4.909814491668731962e-03
5.008063834406805033e-03
5.035113519640503285e-03
5.372059781824998180e-03
5.062961172704999978e-03
5.127427883629225719e-03
5.205273389189700277e-03
5.282173085839062671e-03
5.316085604126165667e-03
4.906530564078802857e-03
5.236366691438063166e-03
5.247265404118971015e-03
5.345463193593599435e-03
5.355905562074172142e-03
4.991597761053585998e-03
5.075675395152036071e-03
5.101408568746780559e-03
4.823942317397458476e-03
4.706729220728932302e-03
4.743845016897568420e-03
4.782579768599735416e-03
4.800830799558636168e-03
4.662915272916022362e-03
4.653800048316160572e-03
4.615311639745895561e-03
4.594460125508324083e-03
4.547241436850681107e-03
4.523303691698520729e-03
4.499588129852196382e-03
4.470712319021920809e-03
4.443743937702584849e-03
4.421968316191831477e-03
4.398263347335956350e-03
4.370972880553884027e-03
4.363135854450822353e-03
4.325106218150127739e-03
4.304329694976450488e-03
4.267989483639214425e-03
4.250383063234617134e-03
4.227372569977414299e-03
4.190083103412635922e-03
4.203092384470710763e-03
4.151263119141571263e-03
4.143980859280301660e-03
4.095120843308625025e-03
4.041462561103397258e-03
4.078124869919070618e-03
4.011052874255119013e-03
3.965357059841113918e-03
3.973282284045339188e-03
3.992882410812739410e-03
3.932000017214430133e-03
3.917141904005561233e-03
3.899333757724678193e-03
3.875759721941077988e-03
3.857706594144864626e-03
3.892535088120169934e-03
3.818417936256026865e-03
3.805934233542192929e-03
3.755306220362843780e-03
3.739881586736360473e-03
3.723302514718951871e-03
3.680999788035922010e-03
3.659752239169655058e-03
3.646379012775205312e-03
3.703773013434902978e-03
3.542855752347917608e-03
3.565456946811782456e-03
3.591466693647034098e-03
3.588858350412386499e-03
3.496025789147135486e-03
3.481299503653269897e-03
2.564146587605621933e-03
3.463370062010211105e-03
3.440778176326702176e-03
3.414827127941677271e-03
3.459551406005647450e-03
2.578247995731589720e-03
3.395084707395033211e-03
3.360581893202473427e-03
3.347821346476291624e-03
3.325692982767351757e-03
2.603405115111984223e-03
3.309857507952736547e-03
2.619484162051263949e-03
3.276219145902690890e-03
2.639191847922373307e-03
3.257909378169167227e-03
3.246205754872894065e-03
2.649977057827135416e-03
3.235718386057776733e-03
3.205370494702785601e-03
2.677278657067777741e-03
2.680864257095644503e-03
3.179022046569406849e-03
2.706972333719117642e-03
3.146124798386952613e-03
3.165062402123713838e-03
2.723578472456642321e-03
2.742338001650365155e-03
2.749318000675367041e-03
3.110701418836187958e-03
3.072435292796959084e-03
3.120673627221741582e-03
2.778075365381631710e-03
3.061735428069801285e-03
3.049972651973069469e-03
2.790303874122798070e-03
2.806090540967464634e-03
2.872072752944463542e-03
2.829946646106226531e-03
2.927535619846578785e-03
3.005557987945984850e-03
2.954754680026696820e-03
2.996760849809393650e-03
2.949146370553174228e-03
2.856566076190543077e-03
2.840758853945946159e-03
2.895927205618429798e-03
3.012529549426214929e-03
2.899291577248360677e-03
2.407642046220815138e-03
2.422290141043488207e-03
2.443963790473142623e-03
2.457229541475731451e-03
2.467274706736781714e-03
2.495778359569370951e-03
2.513199121688405695e-03
2.542218524862143066e-03
2.535574794097354354e-03
2.160603239149833706e-03
2.173213495305978318e-03
2.203272484499292725e-03
2.375323606209588535e-03
2.264233261709820092e-03
2.317338780599838190e-03
2.248778993711228642e-03
2.234351884612443065e-03
2.360652442043793472e-03
2.188365292350604938e-03
2.236052556204397301e-03
2.393818763797164219e-03
2.335175567119312980e-03
2.350284610946655472e-03
2.329612361538237718e-03
2.292034276235827700e-03
1.857088674199099121e-04
2.154568571954485444e-03
2.129924954942349208e-03
2.118044808782397308e-03
2.098254257535176262e-03
2.087412422923634776e-03
2.069632857618369185e-03
2.078839969413028010e-03
2.040670474187662297e-03
2.044720971530605402e-03
2.003771055146403180e-03
2.048003653625331440e-03
1.724765173728130038e-03
1.991480010582262830e-03
1.751805690780792969e-03
1.974020694627014703e-03
1.961579311212738493e-03
1.778259530643066296e-03
1.952707627480036821e-03
1.796409769112499496e-03
1.852555320001546615e-03
1.832075156753774740e-03
1.867220053772000255e-03
1.937752599102598528e-03
1.789702260919674975e-03
1.887269537250205491e-03
1.769581419660120345e-03
1.817770801768209352e-03
1.882386147243735215e-03
1.929822208632488547e-03
1.922830539600408131e-03
1.898611867369886337e-03
1.820381022602202701e-03
1.742133959475385737e-03
1.704927174821630658e-03
1.698751870665471658e-03
1.694746626759191434e-03
1.666881730719152336e-03
1.654622057730895709e-03
1.673676303971437023e-03
1.633050451282165539e-03
1.626791895411185997e-03
1.619132793931011985e-03
1.590837910003633105e-03
1.607174225556713340e-03
1.600022401494468954e-03
1.563437951689823939e-03
1.115921616689401989e-03
1.122950494655921205e-03
1.553417304914640057e-03
1.136036408188484089e-03
1.516453027334438821e-03
1.541920405825968760e-03
1.528683519830908001e-03
1.534336947545099101e-03
1.507799250013201319e-03
1.147897219101056245e-03
1.171723409652969698e-03
1.164867100120458134e-03
1.483147967875797935e-03
1.471157997055866102e-03
1.462142495629819997e-03
1.455844409742029777e-03
1.189914012857093894e-03
1.193408712055559016e-03
1.435704578387689842e-03
1.417163480318567618e-03
1.202581973670909833e-03
1.210985373751865320e-03
1.423682319935707383e-03
1.349718691047248039e-03
1.397138124538984836e-03
1.371953390239241720e-03
1.378574881919924491e-03
1.245531226901875569e-03
1.252392352663997789e-03
1.436786279245863855e-03
1.332498328971883908e-03
1.234610661338015952e-03
1.227401539514194314e-03
1.272857207247801237e-03
1.223094470494387465e-03
1.316429750829944479e-03
1.401851552206185474e-03
1.364943125964439589e-03
1.289503722140548318e-03
1.282399883441442219e-03
1.299476686274176306e-03
1.308490961458176789e-03
1.308850170838748604e-03
1.642638497325635239e-04
1.057910641234354257e-03
1.101267993733484997e-03
1.073008770759728038e-03
1.088498078942878953e-03
1.096556681412938061e-03
1.080379788961159443e-03
1.079346444178563413e-03
1.823520650304890690e-04
1.936905029409683018e-04
2.026551464387082362e-04
2.105721745835951824e-04
2.145722454548017796e-04
2.136832164744646766e-04
2.262672502623150426e-04
8.886419623096353162e-04
8.971933119501157095e-04
9.029841768727301255e-04
9.114445871125498441e-04
1.054639611294673528e-03
1.040791616901184978e-03
1.025692973859090949e-03
9.406361012233054649e-04
1.011384129881369052e-03
9.924816657767661018e-04
1.006828652494136823e-03
9.524840412351539328e-04
1.038457882719362024e-03
9.758441988898369085e-04
9.220858506863718277e-04
1.003077025338776655e-03
9.578896612109524897e-04
9.615692328208888789e-04
9.264252379557932340e-04
9.845469963760576041e-04
1.036128301752151136e-03
9.701735245560853729e-04
2.198084224890807959e-04
2.339538087556359354e-04
2.383132061623652082e-04
2.429744008828951525e-04
2.473352977174608758e-04
2.560741617214689139e-04
2.591910953132690832e-04
2.643231979888799668e-04
2.691188887797384393e-04
2.784540699352941831e-04
2.722084867857429741e-04
2.871133617547671200e-04
3.033037016735508525e-04
3.097391177267468185e-04
3.187608881281629356e-04
8.711730177128251731e-04
8.661163687211978881e-04
8.810410531528757062e-04
8.584617379693513508e-04
7.987449451062134456e-04
8.238391499560697353e-04
8.492909639072221016e-04
8.448444128406894542e-04
8.367624368620226946e-04
7.890289315249514627e-04
8.159689585245126150e-04
8.390032028282968591e-04
7.756924345495891555e-04
7.119231146894008195e-04
8.092516111162421184e-04
7.622426529831864001e-04
7.637705498679311228e-04
8.189932668604120881e-04
7.844083386396454071e-04
7.415378892178767526e-04
7.439365211785974041e-04
7.537710417802150065e-04
2.908921647703689045e-04
7.323917073138225178e-04
7.339580174597012691e-04
2.965030575910352836e-04
7.227932690274031140e-04
7.059617231392516712e-04
2.975444900071938471e-04
2.949578734386508754e-04
6.967027891336478570e-04
6.946621926741090598e-04
3.121458029148052268e-04
3.267419929214594840e-04
6.755436308758088620e-04
6.723316225467894803e-04
3.337892247182834495e-04
3.357299186850077840e-04
6.657270885148975238e-04
5.690708546198917526e-04
5.845453977718904123e-04
5.445999513823128772e-04
6.616447895559863157e-04
6.020800940301861527e-04
3.447422394291460926e-04
3.468608160585761788e-04
3.592757141677940672e-04
3.666658040183862796e-04
4.974928835297552036e-04
4.389514788385549945e-04
3.544923637356141451e-04
4.884305984128466029e-04
4.289399853144688305e-04
6.164270638711785407e-04
6.546311264799167372e-04
4.253380107357850764e-04
4.688398582786724457e-04
4.501340715956042658e-04
4.142238418196129003e-04
4.198418336413265502e-04
3.738817805086114168e-04
6.233922572673992893e-04
6.391371027664805634e-04
4.561312827468106930e-04
4.075784395311657154e-04
3.868016461326236272e-04
3.770730893138425762e-04
3.416379340035880625e-04
6.357402554952567685e-04
6.511469342332161948e-04
6.311154816340921103e-04
6.207672390814270068e-04
6.082062064840251065e-04
5.909330712564801833e-04
5.789240232841885714e-04
5.805597949941016054e-04
3.805209121110297941e-04
3.833394570730226701e-04
3.954672901915801705e-04
3.966733782338070693e-04
3.909848475000796998e-04
5.644862843702388392e-04
5.624609688230400003e-04
4.546808522787852019e-04
4.619664857494387884e-04
4.064408045930230037e-04
4.785294290016428023e-04
4.923402268651778674e-04
5.345470397374102109e-04
5.074515562373256398e-04
5.221931741791977638e-04
5.159514986392729459e-04
4.742787102192097927e-04
5.251817929345063566e-04
4.755655932199008324e-04
5.060608978069026237e-04
5.543049374082621630e-04
5.305384925493179500e-04
5.349866234833108684e-04
5.216642248198465620e-15
3.704479539879840590e-15
3.704479539879840590e-15
4.377911214266331704e-15
4.377911214266331704e-15
4.706387659250268143e-15
9.658771817499815634e-16
9.658771817499815634e-16
4.304382359786394918e-15
9.674009406983256367e-16
9.674009406983256367e-16
3.559148081683004578e-15
3.559148081683004578e-15
2.992867405961052409e-15
2.992867405961052409e-15
2.526170502089909174e-15
2.526170502089909174e-15
1.445903348738524317e-15
1.445903348738524317e-15
3.935842718041698534e-15
3.935842718041698534e-15
7.946068561005394371e-16
7.946068561005394371e-16
3.284126087788385355e-15
3.284126087788385355e-15
2.091371868058965499e-15
2.091371868058965499e-15
3.514189025537753654e-15
3.514189025537753654e-15
3.209740004503507875e-15
3.209740004503507875e-15
3.598728315983803731e-15
3.445173288703865373e-15
3.445173288703865373e-15
3.678240219354761822e-15
3.678240219354761822e-15
3.476269400256473760e-15
3.476269400256473760e-15
1.181369047107909979e-15
1.181369047107909979e-15
3.546476929537033070e-15
3.546476929537033070e-15
3.132839883131608350e-16
3.132839883131608350e-16
2.378831299238911539e-15
2.378831299238911539e-15
3.362152697237569565e-15
3.188394563633183794e-15
3.188394563633183794e-15
3.458429983606162924e-15
3.458429983606162924e-15
2.675364698216080690e-15
2.675364698216080690e-15
2.314658649527205558e-16
2.314658649527205558e-16
3.022090884070221326e-15
3.022090884070221326e-15
1.863125935753164857e-15
1.863125935753164857e-15
3.135042921517781028e-15
3.135042921517781028e-15
2.143590265660082263e-15
2.143590265660082263e-15
1.493207120361380717e-15
1.493207120361380717e-15
2.475984276906674119e-15
2.475984276906674119e-15
3.207972401505028577e-15
3.169854130279353072e-15
3.169854130279353072e-15
3.131868950561076076e-15
3.131868950561076076e-15
2.880441943212818626e-15
2.880441943212818626e-15
3.132763091166089737e-15
3.132763091166089737e-15
2.915861014269312684e-15
2.915861014269312684e-15
3.083921007797901531e-15
2.973585514989672515e-15
2.973585514989672515e-15
3.039375270965770616e-15
3.039375270965770616e-15
2.667328970930847274e-15
2.667328970930847274e-15
2.928675648329927118e-15
2.947495592348155198e-15
2.947495592348155198e-15
2.873045609672284713e-15
2.873045609672284713e-15
2.745136341045656568e-15
2.745136341045656568e-15
2.905054682142624007e-15
2.782936889111920098e-15
2.782936889111920098e-15
1.633132141105499993e-15
1.633132141105499993e-15
7.444253846309684940e-16
7.444253846309684940e-16
2.344475475714695173e-15
2.344475475714695173e-15
1.739717451137423102e-15
1.739717451137423102e-15
2.320510792120916608e-15
2.320510792120916608e-15
1.656779891372692763e-16
1.656779891372692763e-16
2.386079290891301240e-15
2.386079290891301240e-15
1.129152051148313110e-15
1.129152051148313110e-15
2.527851540153557262e-15
2.527851540153557262e-15
1.890138666512788921e-15
1.890138666512788921e-15
2.380601434370421755e-15
2.380601434370421755e-15
2.405487966164247010e-15
2.405487966164247010e-15
2.092797347769263560e-15
2.092797347769263560e-15
2.703483609501152016e-15
2.703483609501152016e-15
2.731976737945956547e-15
2.731976737945956547e-15
2.675806769578671144e-15
2.675806769578671144e-15
2.627896306305770532e-15
2.627896306305770532e-15
2.573082089464513735e-15
2.573082089464513735e-15
2.724603856786182874e-15
2.724603856786182874e-15
2.555906835426327186e-15
2.555906835426327186e-15
2.437511108946870532e-15
2.437511108946870532e-15
2.620805103557026455e-15
2.633295821477266268e-15
2.633295821477266268e-15
2.371297369327295093e-15
2.371297369327295093e-15
2.540398314942547981e-15
2.540398314942547981e-15
2.373093263384680562e-15
2.373093263384680562e-15
2.458485002418099624e-15
2.458485002418099624e-15
1.647252542415125302e-15
1.647252542415125302e-15
2.292546376567497789e-15
2.292546376567497789e-15
1.146246224192739238e-15
1.146246224192739238e-15
4.879232497404036796e-16
4.879232497404036796e-16
1.802023781895146179e-15
1.802023781895146179e-15
9.470390464192631986e-16
9.470390464192631986e-16
2.060528706660088960e-15
2.060528706660088960e-15
1.325917424149810413e-15
1.325917424149810413e-15
1.391528455187710867e-17
1.391528455187710867e-17
1.476238675404109918e-16
1.476238675404109918e-16
1.463741051227493409e-15
1.463741051227493409e-15
1.700770400962467055e-15
1.700770400962467055e-15
8.089883370958659279e-16
8.089883370958659279e-16
2.215461885699440729e-15
2.215461885699440729e-15
2.462069582332576368e-15
2.462069582332576368e-15
1.940208824195608239e-15
1.940208824195608239e-15
2.432862793927013627e-15
2.432862793927013627e-15
2.503839329111930960e-15
2.503839329111930960e-15
9.847506931662489953e-16
9.847506931662489953e-16
1.831668981328535075e-15
1.831668981328535075e-15
2.408273468003632616e-15
2.248790483614095946e-15
2.248790483614095946e-15
2.115819570549293130e-15
2.115819570549293130e-15
2.329964793757755118e-15
8.941234238291870379e-16
8.941234238291870379e-16
1.110998156070619977e-15
1.110998156070619977e-15
1.847477701581375238e-15
1.847477701581375238e-15
6.668024788038707743e-16
6.668024788038707743e-16
1.472161433216048237e-15
1.472161433216048237e-15
2.010815077485863911e-15
2.010815077485863911e-15
1.917554914823910934e-15
1.917554914823910934e-15
2.048672873180480581e-15
2.048672873180480581e-15
2.198967789305987705e-15
2.198967789305987705e-15
2.160230031229465748e-15
2.160230031229465748e-15
2.193278976688804669e-15
2.184733730473682991e-15
2.184733730473682991e-15
2.221764731296616722e-15
2.221764731296616722e-15
2.093951484160072346e-15
2.093951484160072346e-15
4.395514219438652433e-16
4.395514219438652433e-16
9.429750579167040326e-16
9.429750579167040326e-16
1.297275905955063837e-15
1.297275905955063837e-15
1.354211109803348185e-15
1.354211109803348185e-15
1.618644524616683200e-15
1.618644524616683200e-15
8.446457196284355783e-16
8.446457196284355783e-16
1.652332614091497583e-15
1.652332614091497583e-15
1.506047527768664468e-15
1.506047527768664468e-15
1.848014817923041005e-15
1.848014817923041005e-15
1.620828723589734609e-15
1.620828723589734609e-15
1.883474678822106582e-15
1.883474678822106582e-15
2.148450238509859884e-15
2.147712529131636789e-15
2.123146308098913525e-15
2.123146308098913525e-15
1.953052083642331011e-15
1.953052083642331011e-15
1.715235420707230444e-15
1.715235420707230444e-15
2.064783927065547557e-15
2.064783927065547557e-15
4.898185688390866546e-16
4.898185688390866546e-16
1.827391440353945358e-15
1.827391440353945358e-15
2.010230051879362025e-15
2.010230051879362025e-15
9.260167131995070328e-16
9.260167131995070328e-16
1.094719063775489810e-15
1.094719063775489810e-15
1.314077756060941651e-15
1.314077756060941651e-15
1.448179411881055300e-15
1.448179411881055300e-15
1.940217840235144640e-15
1.940217840235144640e-15
2.031738908027532543e-15
2.031738908027532543e-15
1.957954200184218573e-15
1.744146280544486421e-15
1.744146280544486421e-15
1.522589443469823091e-15
1.522589443469823091e-15
1.687399706404139891e-15
1.687399706404139891e-15
8.985686748088067084e-16
8.985686748088067084e-16
1.432203743225935835e-15
1.432203743225935835e-15
1.623173544241145449e-15
1.623173544241145449e-15
1.836334235857866147e-15
1.836334235857866147e-15
1.730641229708604869e-15
1.730641229708604869e-15
1.098990094826926007e-15
1.098990094826926007e-15
8.472075619512699913e-16
8.472075619512699913e-16
3.708648651965160856e-18
3.708648651965160856e-18
1.887388063156597372e-15
1.887388063156597372e-15
1.242464721346993423e-15
1.242464721346993423e-15
3.252752996184831416e-16
3.252752996184831416e-16
1.283379869083392818e-16
1.283379869083392818e-16
1.688205716553900041e-15
1.688205716553900041e-15
6.571954968672867469e-16
6.571954968672867469e-16
3.422895009672377168e-16
3.422895009672377168e-16
1.602520229641552465e-15
1.602520229641552465e-15
4.215692841448069816e-16
4.215692841448069816e-16
1.789556021424934994e-15
1.789556021424934994e-15
1.718844087155350017e-15
1.718844087155350017e-15
1.732806286837874260e-15
1.439835560736399834e-15
1.439835560736399834e-15
1.261024537361330184e-15
1.261024537361330184e-15
6.844681288429120363e-16
6.844681288429120363e-16
3.420053830317833172e-16
3.420053830317833172e-16
3.288737526393366715e-16
3.288737526393366715e-16
6.797992385777560289e-16
6.797992385777560289e-16
6.088480246629254384e-16
6.088480246629254384e-16
1.174245994552820027e-15
1.174245994552820027e-15
9.286084508431010083e-16
9.286084508431010083e-16
1.608976789370605110e-15
1.608976789370605110e-15
1.732635477097982001e-15
1.732635477097982001e-15
1.774856853428518263e-15
1.774856853428518263e-15
1.179136940562733163e-15
1.179136940562733163e-15
1.788960721924834860e-15
1.788960721924834860e-15
1.365263250121165710e-15
1.365263250121165710e-15
6.799529242802617504e-16
6.799529242802617504e-16
1.523178653037903226e-15
1.523178653037903226e-15
1.387547698669465245e-15
1.387547698669465245e-15
1.027135300955234845e-15
1.027135300955234845e-15
1.599797691432574860e-15
1.599797691432574860e-15
1.512681475817654417e-15
1.512681475817654417e-15
1.540086346953383894e-15
1.540086346953383894e-15
8.867023270577172121e-16
8.867023270577172121e-16
1.237211549392746273e-16
1.237211549392746273e-16
5.372564497986534357e-17
5.372564497986534357e-17
5.480868357612259005e-16
5.480868357612259005e-16
1.065198080564299405e-15
1.065198080564299405e-15
1.358450112443353274e-15
1.358450112443353274e-15
1.179134398377912543e-15
1.179134398377912543e-15
2.747052983126228151e-16
2.747052983126228151e-16
1.050472151618526721e-15
1.050472151618526721e-15
1.326351341172456059e-15
1.326351341172456059e-15
1.521460099545018810e-15
1.364666487731843447e-15
1.364666487731843447e-15
1.410679125085579218e-15
1.410679125085579218e-15
1.504113741675532296e-15
1.504113741675532296e-15
1.467031586112183049e-15
1.511815210743591980e-15
1.511815210743591980e-15
9.710894403320166363e-16
9.710894403320166363e-16
1.171574027136601254e-15
1.171574027136601254e-15
6.303424200878103373e-16
6.303424200878103373e-16
1.390973538708763828e-15
1.321215628549753377e-15
1.272919305397305171e-15
1.272919305397305171e-15
1.399545243132523171e-15
1.399545243132523171e-15
1.094479339248588992e-15
1.094479339248588992e-15
1.208279050860554316e-15
1.208279050860554316e-15
1.039833697026103350e-16
1.039833697026103350e-16
1.065703164462295608e-15
1.065703164462295608e-15
1.685974496128756654e-16
1.685974496128756654e-16
1.292884584846174865e-15
2.545626404431894589e-16
2.545626404431894589e-16
8.440447177476353139e-16
8.440447177476353139e-16
8.444820570066949959e-16
8.444820570066949959e-16
5.723745235756831812e-16
5.723745235756831812e-16
9.011111293492334925e-16
9.011111293492334925e-16
5.891427762545659638e-16
5.891427762545659638e-16
1.219505328364936702e-15
1.219505328364936702e-15
7.028638620647848874e-16
7.028638620647848874e-16
2.691119524768256254e-16
2.691119524768256254e-16
7.981132483653603690e-16
7.981132483653603690e-16
1.087122520116044143e-15
1.087122520116044143e-15
7.387123035353910873e-16
7.387123035353910873e-16
1.048346530669593221e-15
1.048346530669593221e-15
4.850055861279874481e-16
4.850055861279874481e-16
1.108237217592104931e-16
1.108237217592104931e-16
1.111982459508424410e-15
1.111982459508424410e-15
8.022473956091945265e-16
8.022473956091945265e-16
1.236592673437556606e-15
1.024377934394203606e-15
1.024377934394203606e-15
3.695289342557580594e-16
3.695289342557580594e-16
1.187615417144530002e-15
1.187615417144530002e-15
1.053284843297718181e-15
1.053284843297718181e-15
3.088216933011207385e-16
3.088216933011207385e-16
1.011827009627522029e-15
1.011827009627522029e-15
1.110411515994081054e-15
1.124756970931821939e-15
1.124756970931821939e-15
9.377588076456800230e-16
9.377588076456800230e-16
6.570007951751684192e-16
6.570007951751684192e-16
6.911246822525252837e-16
6.911246822525252837e-16
1.247291394849685311e-16
1.247291394849685311e-16
5.236394346067527087e-16
5.236394346067527087e-16
3.488796521626038699e-16
3.488796521626038699e-16
4.972295907493606386e-16
4.972295907493606386e-16
7.269633316114468718e-16
7.269633316114468718e-16
8.224381938311460179e-16
8.224381938311460179e-16
9.112762210186166231e-16
9.112762210186166231e-16
9.321185937173256820e-16
9.284763829162549924e-16
9.284763829162549924e-16
3.798931044050199828e-16
3.798931044050199828e-16
2.465845412816650998e-16
2.465845412816650998e-16
7.070092368809861369e-16
7.070092368809861369e-16
7.826576898326007607e-16
7.826576898326007607e-16
8.920301878250335574e-16
8.920301878250335574e-16
2.530336698567238496e-16
2.530336698567238496e-16
5.484808635262569913e-16
5.484808635262569913e-16
1.210600005616966870e-16
1.210600005616966870e-16
6.872621297662576150e-16
6.872621297662576150e-16
4.241096783799687800e-16
4.241096783799687800e-16
7.544949900880547723e-16
7.544949900880547723e-16
7.070019480212189333e-17
7.070019480212189333e-17
3.691277247935956389e-17
3.691277247935956389e-17
4.665624604043373457e-16
4.665624604043373457e-16
1.415930067153505767e-16
1.415930067153505767e-16
8.121327502860135935e-16
7.474367217872161220e-16
6.842524971895339000e-16
6.842524971895339000e-16
6.924407010800205303e-16
6.924407010800205303e-16
1.489987342766376845e-16
1.489987342766376845e-16
4.568689559742280890e-16
4.568689559742280890e-16
6.069940557078712067e-16
6.069940557078712067e-16
2.588334633462832492e-16
2.588334633462832492e-16
6.498432393092971884e-16
6.498432393092971884e-16
6.474560160591043391e-16
4.547093313643347082e-16
4.547093313643347082e-16
5.014190794897521830e-16
5.014190794897521830e-16
2.655974793073399198e-16
2.655974793073399198e-16
3.556122928171259843e-16
3.556122928171259843e-16
4.413417784273884934e-16
4.413417784273884934e-16
1.193892905734560088e-16
1.193892905734560088e-16
5.335147014840039097e-17
5.335147014840039097e-17
9.537839125366998059e-17
9.537839125366998059e-17
3.544975105652330345e-16
3.544975105652330345e-16
7.738789116505351892e-17
7.738789116505351892e-17
4.656993347272266784e-17
4.656993347272266784e-17
1.782917825333272616e-16
1.782917825333272616e-16
4.274617568669687819e-16
4.075049961192580421e-16
4.075049961192580421e-16
2.656767926410093263e-16
2.656767926410093263e-16
2.188069961284372723e-16
2.188069961284372723e-16
2.670856125212886130e-16
2.769094762906209061e-16
2.769094762906209061e-16
4.951136171363954087e-17
3.420796629815595388e-17
1.480514183560308098e-16
