      250        1.0  100.41404  0.000996
      276        1.1  100.43106  0.000996
      305        1.2  98.04595  0.001020
      337        1.3  95.81766  0.001044
      373        1.5  95.78339  0.001044
      412        1.6  95.84769  0.001043
      455        1.8  95.82458  0.001044
      503        2.0  95.75840  0.001044
      556        2.2  95.50841  0.001047
      615        2.4  95.65668  0.001045
      679        2.7  95.62106  0.001046
      751        2.9  95.69582  0.001045
      830        3.2  95.67971  0.001045
      917        3.6  95.57041  0.001046
     1014        4.0  95.61990  0.001046
     1121        4.4  95.62335  0.001046
     1238        4.8  95.58717  0.001046
     1369        5.3  97.00317  0.001031
     1513        5.9  95.66039  0.001045
     1672        6.5  95.78434  0.001044
     1848        7.2  95.36429  0.001049
     2043        8.0  95.52578  0.001047
     2258        8.8  95.74177  0.001044
     2495        9.7  95.84930  0.001043
     2758       10.8  95.72426  0.001045
     3048       11.9  95.68189  0.001045
     3369       13.2  95.52455  0.001047
     3723       14.5  95.46804  0.001047
     4115       16.1  95.66010  0.001045
     4548       17.8  95.68732  0.001045
     5026       19.6  95.75571  0.001044
     5555       21.7  95.53752  0.001047
     6140       24.0  95.76678  0.001044
     6786       26.5  95.68040  0.001045
     7500       29.3  97.83093  0.001022
     8289       32.4  95.64391  0.001046
     9161       35.8  95.71516  0.001045
    10125       39.6  95.64264  0.001046
    11190       43.7  95.75879  0.001044
    12367       48.3  95.82485  0.001044
    13668       53.4  95.68427  0.001045
    15106       59.0  95.62053  0.001046
    16696       65.2  95.49304  0.001047
    18452       72.1  95.48016  0.001047
    20394       79.7  95.56061  0.001046
    22539       88.0  95.60133  0.001046
    24911       97.3  95.42307  0.001048
    27532      107.5  96.51049  0.001036
    30429      118.9  100.43606  0.000996
    33630      131.4  100.35417  0.000996
    37168      145.2  100.46238  0.000995
    41079      160.5  100.43180  0.000996
    45401      177.3  100.39167  0.000996
    50177      196.0  100.40052  0.000996
    55456      216.6  100.43551  0.000996
    61291      239.4  100.45999  0.000995
    67740      264.6  100.42084  0.000996
    74867      292.4  100.40633  0.000996
    82743      323.2  100.49873  0.000995
    91449      357.2  100.45188  0.000996
   101070      394.8  100.41002  0.000996
   111704      436.3  100.44517  0.000996
   123456      482.2  100.42906  0.000996
   136445      533.0  100.45949  0.000995
   150800      589.1  100.38095  0.000996
   166666      651.0  100.41290  0.000996
   184201      719.5  100.40245  0.000996
   203581      795.2  100.41311  0.000996
   225000      878.9  100.44691  0.000996
   248672      971.4  100.38907  0.000996
   274835     1073.6  100.43892  0.000996
   303750     1186.5  100.42622  0.000996
   335708     1311.4  100.65314  0.000994