      250        1.0  102.21199  0.000978
      276        1.1  102.30323  0.000977
      305        1.2  102.30022  0.000978
      337        1.3  102.41200  0.000976
      373        1.5  101.44729  0.000986
      412        1.6  97.32456  0.001027
      455        1.8  97.54763  0.001025
      503        2.0  97.28431  0.001028
      556        2.2  97.21672  0.001029
      615        2.4  97.32744  0.001027
      679        2.7  97.56572  0.001025
      751        2.9  97.66391  0.001024
      830        3.2  97.32191  0.001028
      917        3.6  97.35016  0.001027
     1014        4.0  97.47126  0.001026
     1121        4.4  97.66501  0.001024
     1238        4.8  97.30959  0.001028
     1369        5.3  97.29963  0.001028
     1513        5.9  97.59266  0.001025
     1672        6.5  97.70996  0.001023
     1848        7.2  97.43609  0.001026
     2043        8.0  97.61936  0.001024
     2258        8.8  97.48708  0.001026
     2495        9.7  97.26210  0.001028
     2758       10.8  97.32427  0.001027
     3048       11.9  97.56847  0.001025
     3369       13.2  97.44711  0.001026
     3723       14.5  97.27606  0.001028
     4115       16.1  97.30285  0.001028
     4548       17.8  97.82883  0.001022
     5026       19.6  97.45330  0.001026
     5555       21.7  97.24989  0.001028
     6140       24.0  97.08003  0.001030
     6786       26.5  97.35516  0.001027
     7500       29.3  97.75598  0.001023
     8289       32.4  97.29553  0.001028
     9161       35.8  97.54005  0.001025
    10125       39.6  97.54896  0.001025
    11190       43.7  97.55929  0.001025
    12367       48.3  97.19256  0.001029
    13668       53.4  97.13927  0.001029
    15106       59.0  101.54051  0.000985
    16696       65.2  97.66513  0.001024
    18452       72.1  97.31372  0.001028
    20394       79.7  97.24472  0.001028
    22539       88.0  97.41504  0.001027
    24911       97.3  97.23129  0.001028
    27532      107.5  96.99781  0.001031
    30429      118.9  99.16567  0.001008
    33630      131.4  102.27866  0.000978
    37168      145.2  102.24897  0.000978
    41079      160.5  102.19637  0.000979
    45401      177.3  102.37787  0.000977
    50177      196.0  102.64791  0.000974
    55456      216.6  102.30960  0.000977
    61291      239.4  101.52385  0.000985
    67740      264.6  97.32370  0.001027
    74867      292.4  97.64616  0.001024
    82743      323.2  97.48561  0.001026
    91449      357.2  96.99546  0.001031
   101070      394.8  100.24894  0.000998
   111704      436.3  102.31626  0.000977
   123456      482.2  102.30097  0.000978
   136445      533.0  102.16931  0.000979
   150800      589.1  102.22823  0.000978
   166666      651.0  102.47068  0.000976
   184201      719.5  102.35868  0.000977
   203581      795.2  102.60700  0.000975
   225000      878.9  102.40510  0.000977
   248672      971.4  102.27035  0.000978
   274835     1073.6  102.20190  0.000978
   303750     1186.5  99.21931  0.001008