      250        1.0  104.27274  0.000959
      276        1.1  104.13273  0.000960
      305        1.2  104.07778  0.000961
      337        1.3  103.88025  0.000963
      373        1.5  103.96467  0.000962
      412        1.6  103.88211  0.000963
      455        1.8  103.75281  0.000964
      503        2.0  103.94677  0.000962
      556        2.2  103.90215  0.000962
      615        2.4  104.05803  0.000961
      679        2.7  103.88991  0.000963
      751        2.9  104.00619  0.000961
      830        3.2  103.62959  0.000965
      917        3.6  103.74106  0.000964
     1014        4.0  103.84343  0.000963
     1121        4.4  103.97475  0.000962
     1238        4.8  103.99046  0.000962
     1369        5.3  103.86149  0.000963
     1513        5.9  104.18730  0.000960
     1672        6.5  103.84106  0.000963
     1848        7.2  103.75392  0.000964
     2043        8.0  103.62367  0.000965
     2258        8.8  104.01314  0.000961
     2495        9.7  104.08593  0.000961
     2758       10.8  103.95416  0.000962
     3048       11.9  103.90949  0.000962
     3369       13.2  103.88687  0.000963
     3723       14.5  103.95998  0.000962
     4115       16.1  103.93377  0.000962
     4548       17.8  104.14965  0.000960
     5026       19.6  104.15988  0.000960
     5555       21.7  104.12328  0.000960
     6140       24.0  103.83172  0.000963
     6786       26.5  103.88544  0.000963
     7500       29.3  103.84387  0.000963
     8289       32.4  103.71635  0.000964
     9161       35.8  103.80745  0.000963
    10125       39.6  103.82367  0.000963
    11190       43.7  103.76046  0.000964
    12367       48.3  103.97949  0.000962
    13668       53.4  103.95676  0.000962
    15106       59.0  103.89688  0.000962
    16696       65.2  104.12828  0.000960
    18452       72.1  103.65625  0.000965
    20394       79.7  104.09952  0.000961
    22539       88.0  104.11566  0.000960
    24911       97.3  103.90207  0.000962
    27532      107.5  103.92763  0.000962
    30429      118.9  103.99599  0.000962
    33630      131.4  104.04537  0.000961
    37168      145.2  104.08508  0.000961
    41079      160.5  103.94325  0.000962
    45401      177.3  103.51188  0.000966
    50177      196.0  103.87491  0.000963
    55456      216.6  104.05138  0.000961
    61291      239.4  103.87327  0.000963
    67740      264.6  104.09971  0.000961
    74867      292.4  104.03394  0.000961
    82743      323.2  103.62372  0.000965
    91449      357.2  103.73563  0.000964
   101070      394.8  103.73395  0.000964
   111704      436.3  104.13234  0.000960
   123456      482.2  104.00131  0.000962
   136445      533.0  103.73294  0.000964
   150800      589.1  103.93906  0.000962
   166666      651.0  103.88532  0.000963
   184201      719.5  103.58510  0.000965
   203581      795.2  103.66818  0.000965